/*--------------------------------*- C++ -*----------------------------------*\
  =========                 |
  \\      /  F ield         | OpenFOAM: The Open Source CFD Toolbox
   \\    /   O peration     | Website:  https://openfoam.org
    \\  /    A nd           | Version:  6
     \\/     M anipulation  |
\*---------------------------------------------------------------------------*/
FoamFile
{
    version     2.0;
    format      ascii;
    class       faceList;
    location    "constant/polyMesh";
    object      faces;
}
// * * * * * * * * * * * * * * * * * * * * * * * * * * * * * * * * * * * * * //


123
(
4(6 46 41 1)
4(5 45 46 6)
4(7 47 42 2)
4(6 46 47 7)
4(11 51 46 6)
4(10 50 51 11)
4(8 48 43 3)
4(7 47 48 8)
4(12 52 47 7)
4(11 51 52 12)
4(16 56 51 11)
4(15 55 56 16)
4(8 48 49 9)
4(13 53 48 8)
4(12 52 53 13)
4(17 57 52 12)
4(16 56 57 17)
4(21 61 56 16)
4(20 60 61 21)
4(13 53 54 14)
4(18 58 53 13)
4(17 57 58 18)
4(22 62 57 17)
4(21 61 62 22)
4(26 66 61 21)
4(25 65 66 26)
4(18 58 59 19)
4(23 63 58 18)
4(22 62 63 23)
4(27 67 62 22)
4(26 66 67 27)
4(31 71 66 26)
4(30 70 71 31)
4(23 63 64 24)
4(28 68 63 23)
4(27 67 68 28)
4(32 72 67 27)
4(31 71 72 32)
4(36 76 71 31)
4(28 68 69 29)
4(33 73 68 28)
4(32 72 73 33)
4(37 77 72 32)
4(33 73 74 34)
4(38 78 73 33)
4(45 50 10 5)
4(40 45 5 0)
4(8 9 4 3)
4(7 8 3 2)
4(6 7 2 1)
4(5 6 1 0)
4(13 14 9 8)
4(12 13 8 7)
4(11 12 7 6)
4(10 11 6 5)
4(18 19 14 13)
4(17 18 13 12)
4(16 17 12 11)
4(15 16 11 10)
4(23 24 19 18)
4(22 23 18 17)
4(21 22 17 16)
4(20 21 16 15)
4(28 29 24 23)
4(27 28 23 22)
4(26 27 22 21)
4(25 26 21 20)
4(33 34 29 28)
4(32 33 28 27)
4(31 32 27 26)
4(30 31 26 25)
4(38 39 34 33)
4(37 38 33 32)
4(36 37 32 31)
4(35 36 31 30)
4(41 46 45 40)
4(42 47 46 41)
4(43 48 47 42)
4(44 49 48 43)
4(46 51 50 45)
4(47 52 51 46)
4(48 53 52 47)
4(49 54 53 48)
4(51 56 55 50)
4(52 57 56 51)
4(53 58 57 52)
4(54 59 58 53)
4(56 61 60 55)
4(57 62 61 56)
4(58 63 62 57)
4(59 64 63 58)
4(61 66 65 60)
4(62 67 66 61)
4(63 68 67 62)
4(64 69 68 63)
4(66 71 70 65)
4(67 72 71 66)
4(68 73 72 67)
4(69 74 73 68)
4(71 76 75 70)
4(72 77 76 71)
4(73 78 77 72)
4(74 79 78 73)
4(1 41 40 0)
4(2 42 41 1)
4(3 43 42 2)
4(4 44 43 3)
4(70 75 35 30)
4(65 70 30 25)
4(60 65 25 20)
4(55 60 20 15)
4(50 55 15 10)
4(38 78 79 39)
4(37 77 78 38)
4(36 76 77 37)
4(35 75 76 36)
4(9 49 44 4)
4(14 54 49 9)
4(19 59 54 14)
4(24 64 59 19)
4(29 69 64 24)
4(34 74 69 29)
4(39 79 74 34)
)


// ************************************************************************* //
