/*--------------------------------*- C++ -*----------------------------------*\
  =========                 |
  \\      /  F ield         | OpenFOAM: The Open Source CFD Toolbox
   \\    /   O peration     | Website:  https://openfoam.org
    \\  /    A nd           | Version:  6
     \\/     M anipulation  |
\*---------------------------------------------------------------------------*/
FoamFile
{
    version     2.0;
    format      ascii;
    class       vectorField;
    location    "constant/polyMesh";
    object      points;
}
// * * * * * * * * * * * * * * * * * * * * * * * * * * * * * * * * * * * * * //


80
(
(0 0 0.005)
(0 0.25 0.005)
(0 0.5 0.005)
(0 0.75 0.005)
(0 1 0.005)
(0.245745 0 0.005)
(0.23788 0.25 0.005)
(0.230015 0.5 0.005)
(0.22215 0.75 0.005)
(0.214286 1 0.005)
(0.49149 0 0.005)
(0.47576 0.25 0.005)
(0.460031 0.5 0.005)
(0.444301 0.75 0.005)
(0.428571 1 0.005)
(0.693295 0.034083 0.005)
(0.680686 0.275562 0.005)
(0.668076 0.517042 0.005)
(0.655467 0.758521 0.005)
(0.642857 1 0.005)
(0.894971 0.0696438 0.005)
(0.885514 0.302233 0.005)
(0.876057 0.534822 0.005)
(0.8666 0.767411 0.005)
(0.857143 1 0.005)
(1.09665 0.105205 0.005)
(1.09034 0.328904 0.005)
(1.08404 0.552602 0.005)
(1.07773 0.776301 0.005)
(1.07143 1 0.005)
(1.29832 0.140765 0.005)
(1.29517 0.355574 0.005)
(1.29202 0.570383 0.005)
(1.28887 0.785191 0.005)
(1.28571 1 0.005)
(1.5 0.176326 0.005)
(1.5 0.382244 0.005)
(1.5 0.588163 0.005)
(1.5 0.794081 0.005)
(1.5 1 0.005)
(0 0 -0.035)
(0 0.25 -0.035)
(0 0.5 -0.035)
(0 0.75 -0.035)
(0 1 -0.035)
(0.245745 0 -0.035)
(0.23788 0.25 -0.035)
(0.230015 0.5 -0.035)
(0.22215 0.75 -0.035)
(0.214286 1 -0.035)
(0.49149 0 -0.035)
(0.47576 0.25 -0.035)
(0.460031 0.5 -0.035)
(0.444301 0.75 -0.035)
(0.428571 1 -0.035)
(0.693376 0.0340972 -0.035)
(0.680746 0.275573 -0.035)
(0.668117 0.517049 -0.035)
(0.655487 0.758524 -0.035)
(0.642857 1 -0.035)
(0.895032 0.0696544 -0.035)
(0.88556 0.302241 -0.035)
(0.876087 0.534827 -0.035)
(0.866615 0.767414 -0.035)
(0.857143 1 -0.035)
(1.09669 0.105212 -0.035)
(1.09037 0.328909 -0.035)
(1.08406 0.552606 -0.035)
(1.07774 0.776303 -0.035)
(1.07143 1 -0.035)
(1.29834 0.140769 -0.035)
(1.29519 0.355577 -0.035)
(1.29203 0.570384 -0.035)
(1.28887 0.785192 -0.035)
(1.28571 1 -0.035)
(1.5 0.176326 -0.035)
(1.5 0.382244 -0.035)
(1.5 0.588163 -0.035)
(1.5 0.794081 -0.035)
(1.5 1 -0.035)
)


// ************************************************************************* //
