/*--------------------------------*- C++ -*----------------------------------*\
  =========                 |
  \\      /  F ield         | OpenFOAM: The Open Source CFD Toolbox
   \\    /   O peration     | Website:  https://openfoam.org
    \\  /    A nd           | Version:  6
     \\/     M anipulation  |
\*---------------------------------------------------------------------------*/
FoamFile
{
    version     2.0;
    format      ascii;
    class       labelList;
    note        "nPoints:7496  nCells:7242  nFaces:25473  nInternalFaces:10737";
    location    "constant/polyMesh";
    object      neighbour;
}
// * * * * * * * * * * * * * * * * * * * * * * * * * * * * * * * * * * * * * //


10737
(
1
2
3
4
5
6
7
8
9
8
10
10
11
12
13
14
15
16
17
18
17
19
20
21
22
23
24
25
26
25
27
28
29
29
24
30
23
31
32
33
34
35
36
35
37
36
38
39
40
41
41
42
43
40
44
44
45
46
47
45
48
49
50
50
51
52
43
53
54
55
56
57
56
58
57
59
58
60
61
62
63
63
64
64
65
66
66
67
68
69
70
67
71
72
73
73
74
65
75
76
77
78
79
80
81
71
82
72
81
83
84
85
86
87
88
88
89
90
91
92
83
91
82
93
94
95
96
97
98
98
99
100
89
101
92
102
103
104
105
106
106
107
96
108
109
107
110
111
100
112
113
114
114
115
109
116
116
117
108
118
119
120
121
122
123
124
124
125
126
127
127
128
129
117
130
131
132
133
134
134
135
123
135
122
136
137
138
139
126
140
141
142
143
130
144
145
146
147
145
148
136
149
150
151
152
146
152
153
154
140
155
156
157
158
157
159
159
160
161
162
148
163
164
165
166
151
165
167
168
167
169
155
170
171
158
172
173
174
175
161
176
177
178
179
178
180
177
180
181
168
182
183
184
185
186
186
187
172
188
189
174
190
191
190
192
193
194
195
184
196
197
183
198
198
199
200
201
200
202
203
188
204
205
206
207
208
207
209
210
211
211
212
213
214
213
215
214
216
217
201
218
219
220
221
222
221
223
223
224
206
225
226
227
228
229
228
230
229
231
232
216
233
234
235
220
236
237
219
238
238
239
240
241
242
240
243
244
225
245
246
247
248
230
248
249
250
251
252
253
254
253
255
256
257
237
257
258
259
255
260
241
261
262
258
243
263
264
265
266
266
267
247
268
269
270
271
272
272
273
271
274
273
275
276
277
259
278
279
280
281
261
262
282
283
265
284
283
285
286
287
268
288
289
290
291
274
291
292
293
294
295
276
296
297
296
298
279
299
300
301
302
299
303
304
305
305
285
306
307
308
309
309
310
310
311
290
312
313
314
315
316
316
317
317
318
315
319
320
321
300
322
323
324
304
325
303
326
327
328
329
308
330
329
331
332
333
334
312
335
336
337
338
319
338
339
340
341
342
343
344
345
345
344
346
347
348
346
349
350
351
351
352
347
353
329
354
331
355
356
357
358
358
359
359
360
360
361
337
362
363
364
365
366
366
367
367
368
368
365
369
370
371
372
373
349
374
375
376
377
378
353
379
380
356
377
357
381
382
383
384
385
386
362
387
388
389
390
369
389
391
392
393
394
395
396
397
396
375
398
399
400
400
401
401
402
403
404
379
403
405
399
406
382
407
408
409
410
385
410
411
412
413
413
414
415
416
417
416
418
419
420
420
421
394
421
422
419
423
424
398
425
426
427
428
429
430
431
432
408
431
406
433
434
409
435
436
437
438
412
439
440
441
415
442
443
444
418
445
446
447
448
449
450
445
451
452
452
453
453
454
455
456
429
455
457
458
459
460
433
459
461
456
462
436
463
464
463
465
465
466
466
467
467
468
442
468
469
470
471
446
471
472
473
448
474
475
475
476
476
477
478
479
480
481
457
482
483
484
485
486
487
488
464
489
462
490
491
492
493
494
495
496
497
498
499
499
500
501
478
502
502
503
479
504
505
506
507
508
509
510
511
512
485
511
513
514
514
515
513
516
517
489
518
517
519
520
519
521
515
522
493
494
523
524
525
526
527
528
498
528
529
530
531
532
503
532
533
534
535
536
506
536
537
537
538
539
540
540
541
512
542
543
544
545
546
547
518
548
549
550
551
523
552
522
553
554
555
525
556
557
527
558
559
560
561
562
531
562
563
564
539
565
565
566
541
567
568
569
570
571
572
573
574
575
576
576
577
575
578
578
579
579
580
581
582
582
583
552
584
553
583
585
586
580
587
556
588
589
589
590
590
591
560
592
561
593
594
595
596
566
596
597
598
599
600
600
601
601
602
602
603
604
604
605
599
605
577
606
607
608
609
610
611
612
613
614
615
616
614
617
588
618
587
619
620
621
622
623
592
624
625
626
627
626
628
628
629
630
603
631
631
632
633
634
635
636
637
638
639
640
641
642
641
643
640
643
642
644
644
645
645
646
647
648
649
648
650
619
650
618
651
652
653
646
654
622
655
656
656
657
657
658
627
658
659
660
661
630
662
663
664
663
665
639
666
667
668
667
669
669
670
671
670
672
672
673
674
675
676
677
678
679
649
680
681
682
683
682
684
655
685
654
686
687
688
689
690
691
660
692
693
692
694
694
695
696
697
698
697
699
668
700
701
702
703
704
698
705
706
707
676
708
677
709
710
711
679
712
713
714
715
714
716
717
686
716
685
718
719
720
721
722
689
723
724
724
725
726
727
728
727
729
730
696
731
732
733
734
732
735
736
737
738
739
737
738
739
740
741
742
741
743
736
742
710
744
709
745
746
747
712
748
749
722
750
751
717
752
753
754
754
755
723
756
721
757
758
759
760
761
726
762
763
764
729
765
766
767
768
768
769
770
771
772
743
772
771
773
774
775
776
777
778
779
780
781
782
783
784
785
784
786
782
785
786
787
750
787
788
789
790
789
791
757
790
792
793
794
794
795
796
797
798
788
798
761
799
800
800
801
764
802
803
767
804
803
804
805
806
770
807
773
808
809
810
811
812
811
813
813
814
814
815
815
816
817
812
817
816
818
819
820
821
822
823
824
825
826
827
792
828
829
829
830
831
799
832
827
833
833
834
835
836
837
838
839
839
840
841
842
806
843
844
844
845
846
847
846
848
845
849
850
851
852
853
854
855
856
848
857
820
858
859
823
860
858
861
862
863
864
863
865
828
866
867
868
869
831
870
871
871
872
873
874
875
865
875
837
876
877
877
878
879
841
880
881
881
882
882
883
884
885
886
849
887
888
889
890
891
856
892
890
893
854
893
894
895
896
897
895
898
899
900
861
901
902
864
903
904
905
906
867
907
908
869
909
910
910
911
912
876
913
874
914
915
916
917
918
919
920
880
920
921
922
923
884
924
925
926
927
888
928
929
930
898
927
931
932
892
933
934
935
936
937
897
938
939
940
900
941
942
902
943
944
943
945
946
947
945
946
947
948
949
950
914
950
949
951
952
912
953
954
954
955
956
957
958
948
957
918
959
960
960
961
962
922
963
964
964
965
965
966
926
967
968
968
930
969
931
970
971
972
933
973
974
975
976
973
977
977
978
938
979
980
975
980
979
981
944
982
983
984
985
986
987
988
989
990
991
952
992
993
993
994
995
996
997
998
999
1000
999
1001
997
1002
1003
1004
1005
963
1006
1007
1008
1009
967
1010
1011
1012
981
1013
1014
1015
1013
1015
1012
1016
1017
976
1018
1019
1020
1021
1022
1023
1024
1025
983
1026
1027
1028
1029
1026
1028
1029
1030
1030
1031
1031
1032
1032
1033
991
1034
998
1034
1035
1036
995
1037
1038
1038
1039
1040
1041
1042
1033
1043
1043
1044
1003
1045
1046
1046
1047
1006
1048
1049
1008
1050
1051
1010
1051
1052
1012
1053
1054
1055
1056
1057
1055
1058
1059
1060
1059
1061
1062
1063
1061
1063
1060
1064
1064
1065
1066
1067
1062
1067
1066
1068
1069
1070
1071
1072
1073
1074
1075
1076
1077
1036
1078
1079
1080
1081
1080
1040
1082
1083
1084
1085
1044
1085
1086
1087
1083
1088
1089
1090
1091
1091
1092
1050
1092
1093
1094
1095
1096
1058
1095
1068
1097
1098
1099
1100
1097
1100
1101
1102
1103
1104
1105
1106
1107
1108
1109
1110
1111
1112
1113
1113
1112
1114
1114
1115
1115
1116
1116
1117
1117
1118
1118
1119
1084
1120
1120
1121
1081
1122
1123
1124
1125
1126
1127
1128
1129
1119
1130
1130
1131
1089
1132
1133
1134
1135
1136
1137
1094
1138
1096
1139
1140
1141
1142
1143
1143
1144
1145
1146
1147
1148
1149
1149
1150
1148
1151
1152
1153
1151
1153
1150
1154
1154
1155
1111
1156
1152
1156
1157
1158
1159
1160
1161
1162
1163
1164
1165
1166
1122
1167
1168
1126
1169
1168
1170
1127
1171
1172
1173
1174
1175
1131
1175
1176
1177
1173
1178
1134
1179
1180
1181
1182
1182
1183
1138
1183
1184
1185
1186
1184
1187
1188
1189
1147
1190
1191
1192
1193
1188
1193
1186
1194
1195
1196
1197
1198
1199
1200
1201
1202
1203
1204
1189
1205
1206
1207
1207
1208
1206
1209
1209
1210
1210
1211
1211
1212
1212
1213
1213
1214
1174
1215
1215
1216
1217
1170
1218
1219
1220
1221
1218
1220
1222
1223
1224
1214
1225
1225
1226
1179
1227
1228
1181
1229
1230
1231
1232
1233
1187
1234
1235
1236
1237
1238
1191
1239
1240
1240
1241
1242
1195
1243
1244
1245
1246
1246
1247
1247
1248
1245
1249
1250
1251
1249
1251
1203
1248
1252
1250
1253
1238
1254
1255
1256
1257
1258
1259
1260
1261
1262
1263
1264
1217
1265
1266
1267
1266
1268
1269
1222
1270
1271
1272
1273
1226
1273
1274
1275
1276
1277
1229
1278
1279
1280
1281
1280
1282
1233
1282
1283
1235
1284
1285
1283
1284
1242
1286
1287
1244
1288
1289
1290
1291
1290
1285
1292
1292
1293
1294
1295
1296
1297
1298
1299
1300
1254
1301
1302
1303
1304
1257
1303
1305
1304
1306
1306
1307
1307
1308
1308
1309
1309
1310
1310
1311
1272
1312
1312
1313
1314
1268
1315
1316
1315
1317
1317
1318
1277
1319
1320
1321
1311
1322
1322
1323
1278
1324
1325
1326
1281
1327
1328
1329
1330
1331
1332
1333
1287
1334
1335
1289
1336
1337
1338
1337
1339
1340
1341
1342
1342
1343
1343
1344
1345
1346
1341
1347
1301
1348
1347
1348
1346
1349
1335
1350
1351
1352
1353
1354
1355
1356
1357
1358
1359
1360
1314
1361
1362
1363
1362
1364
1365
1319
1366
1367
1368
1369
1323
1368
1370
1371
1372
1373
1367
1374
1372
1375
1375
1376
1377
1378
1378
1379
1331
1377
1380
1380
1381
1381
1382
1383
1384
1385
1386
1387
1388
1383
1389
1389
1390
1387
1391
1392
1393
1394
1345
1395
1396
1397
1398
1399
1350
1400
1401
1353
1402
1402
1403
1404
1355
1405
1406
1407
1408
1408
1409
1409
1410
1410
1411
1369
1412
1412
1413
1414
1364
1415
1416
1415
1417
1417
1418
1419
1420
1421
1411
1422
1422
1423
1424
1374
1425
1426
1427
1379
1428
1429
1430
1431
1432
1433
1391
1434
1435
1385
1436
1437
1388
1438
1439
1440
1441
1440
1442
1443
1444
1445
1394
1445
1446
1446
1447
1447
1448
1448
1449
1444
1450
1451
1452
1451
1453
1453
1454
1455
1405
1456
1457
1458
1407
1459
1460
1461
1462
1463
1464
1465
1414
1466
1467
1468
1467
1469
1470
1419
1471
1472
1423
1473
1473
1474
1475
1476
1477
1478
1477
1479
1472
1479
1428
1480
1481
1432
1482
1482
1483
1483
1484
1433
1485
1486
1487
1436
1488
1489
1454
1489
1490
1491
1443
1490
1492
1488
1493
1493
1494
1495
1496
1497
1498
1499
1500
1501
1452
1502
1503
1504
1505
1506
1457
1507
1507
1508
1509
1459
1510
1511
1511
1512
1512
1513
1513
1514
1514
1515
1515
1516
1474
1517
1517
1518
1519
1469
1520
1521
1520
1522
1522
1523
1524
1525
1526
1516
1527
1527
1528
1529
1480
1530
1531
1532
1484
1533
1534
1535
1536
1486
1537
1538
1495
1539
1540
1541
1542
1492
1543
1544
1545
1544
1546
1547
1497
1548
1549
1550
1551
1550
1552
1552
1553
1553
1548
1554
1555
1556
1554
1555
1556
1557
1541
1558
1559
1510
1560
1561
1562
1563
1564
1565
1566
1567
1568
1569
1519
1570
1571
1572
1571
1573
1574
1524
1575
1576
1528
1577
1577
1578
1579
1580
1530
1581
1582
1576
1583
1584
1585
1585
1586
1537
1587
1587
1588
1588
1589
1590
1590
1591
1591
1592
1593
1594
1594
1547
1595
1595
1596
1597
1598
1599
1598
1600
1601
1602
1551
1603
1604
1605
1606
1607
1608
1609
1610
1558
1611
1612
1613
1614
1614
1615
1613
1616
1617
1616
1618
1618
1619
1619
1620
1620
1621
1621
1622
1622
1623
1578
1624
1624
1625
1626
1573
1627
1628
1627
1629
1629
1630
1631
1632
1633
1623
1634
1634
1635
1583
1636
1637
1638
1639
1638
1640
1641
1589
1642
1643
1644
1645
1643
1646
1601
1647
1599
1648
1649
1650
1597
1651
1600
1652
1653
1654
1650
1655
1656
1605
1657
1606
1658
1659
1660
1660
1661
1655
1662
1662
1663
1663
1664
1664
1665
1649
1665
1666
1667
1617
1668
1669
1670
1671
1672
1673
1674
1675
1676
1677
1626
1678
1679
1680
1679
1681
1682
1631
1683
1684
1635
1685
1685
1686
1687
1688
1689
1690
1690
1691
1692
1684
1693
1694
1695
1642
1695
1696
1697
1645
1698
1699
1700
1701
1700
1702
1703
1704
1703
1705
1706
1707
1653
1708
1709
1707
1710
1711
1657
1712
1713
1659
1714
1715
1716
1717
1718
1719
1720
1721
1722
1722
1723
1723
1724
1725
1726
1724
1726
1725
1727
1727
1728
1728
1729
1729
1730
1730
1731
1731
1732
1686
1733
1733
1734
1735
1681
1736
1737
1736
1738
1738
1739
1740
1741
1742
1732
1743
1743
1744
1693
1745
1746
1692
1747
1748
1749
1748
1750
1751
1699
1752
1698
1701
1753
1754
1755
1753
1705
1756
1757
1709
1758
1706
1759
1760
1710
1761
1762
1763
1718
1764
1764
1765
1715
1766
1716
1767
1768
1769
1769
1770
1771
1771
1772
1772
1773
1757
1774
1775
1776
1777
1778
1779
1780
1781
1782
1783
1784
1785
1786
1735
1787
1788
1789
1788
1790
1791
1740
1792
1793
1744
1794
1794
1795
1796
1797
1746
1798
1799
1799
1800
1801
1802
1803
1804
1805
1805
1806
1806
1807
1808
1808
1809
1810
1811
1811
1812
1813
1813
1814
1812
1815
1815
1816
1817
1818
1814
1817
1816
1819
1820
1766
1821
1822
1768
1823
1824
1825
1826
1827
1828
1774
1829
1830
1831
1831
1832
1833
1834
1835
1836
1833
1836
1835
1837
1837
1838
1838
1839
1839
1840
1785
1840
1841
1795
1842
1842
1843
1844
1790
1845
1846
1845
1847
1847
1848
1803
1849
1850
1851
1841
1852
1852
1853
1802
1854
1855
1801
1856
1857
1858
1859
1857
1860
1861
1862
1809
1863
1810
1864
1865
1866
1867
1868
1869
1870
1871
1872
1873
1874
1873
1875
1876
1877
1876
1878
1878
1879
1880
1881
1879
1881
1880
1882
1882
1877
1883
1883
1884
1884
1885
1868
1886
1887
1834
1888
1889
1890
1891
1892
1893
1894
1895
1896
1897
1898
1844
1899
1900
1901
1900
1902
1903
1849
1904
1905
1853
1906
1906
1907
1908
1909
1855
1910
1911
1911
1912
1913
1914
1915
1905
1915
1916
1917
1918
1919
1863
1919
1920
1865
1921
1922
1922
1923
1923
1924
1925
1926
1927
1924
1928
1875
1928
1926
1929
1930
1929
1931
1932
1933
1934
1935
1936
1937
1938
1939
1940
1941
1886
1942
1943
1944
1944
1945
1946
1947
1945
1946
1948
1949
1947
1949
1948
1950
1950
1951
1952
1953
1952
1954
1954
1955
1907
1956
1956
1957
1958
1902
1959
1960
1959
1961
1961
1962
1963
1964
1965
1955
1966
1966
1967
1914
1968
1968
1913
1969
1970
1971
1972
1970
1973
1918
1974
1975
1976
1921
1977
1978
1979
1980
1981
1927
1982
1983
1984
1985
1986
1931
1987
1988
1989
1990
1935
1991
1940
1992
1993
1993
1994
1995
1996
1994
1995
1996
1997
1998
1998
1999
1999
2000
2001
2002
2003
2004
2005
2006
2007
2008
2009
1953
2010
2011
2012
2013
2014
2015
1958
2016
2017
2018
2017
2019
2020
2021
2022
2022
2023
1967
2024
2024
2025
2026
2027
2028
2029
2030
2029
2031
2032
2023
2032
2033
2034
2034
2035
2036
2037
1977
2036
2038
1979
2039
2040
2040
2041
2041
2042
2001
2043
2044
2045
2043
2045
1989
2042
2044
2046
1990
2047
2046
2047
2048
2049
1992
2050
2051
2052
2053
2054
2055
2056
2057
2058
2002
2059
2060
2061
2062
2063
2064
2063
2065
2065
2066
2067
2068
2066
2068
2067
2069
2069
2070
2013
2071
2070
2071
2072
2026
2073
2025
2074
2074
2075
2076
2019
2077
2078
2077
2079
2079
2080
2081
2082
2083
2084
2085
2085
2086
2030
2087
2088
2089
2087
2090
2091
2088
2092
2093
2037
2094
2095
2096
2097
2098
2098
2099
2100
2101
2102
2103
2104
2105
2106
2107
2108
2109
2109
2110
2111
2112
2111
2113
2112
2114
2114
2115
2115
2116
2116
2117
2117
2118
2113
2119
2059
2119
2120
2121
2122
2120
2122
2064
2123
2124
2125
2126
2127
2128
2129
2130
2131
2132
2073
2133
2134
2135
2076
2136
2137
2138
2137
2139
2140
2081
2141
2142
2142
2143
2086
2144
2145
2146
2147
2148
2149
2150
2149
2151
2152
2153
2143
2153
2154
2155
2155
2156
2156
2157
2096
2097
2158
2159
2160
2161
2162
2162
2163
2163
2164
2108
2165
2166
2167
2168
2169
2166
2168
2169
2170
2110
2170
2171
2172
2173
2174
2175
2176
2177
2178
2179
2180
2181
2182
2183
2167
2184
2185
2186
2187
2188
2186
2187
2188
2189
2189
2190
2191
2192
2190
2191
2192
2193
2193
2194
2194
2195
2195
2196
2196
2197
2136
2145
2198
2199
2139
2200
2201
2200
2202
2202
2203
2204
2205
2146
2206
2207
2208
2197
2209
2209
2210
2211
2151
2212
2213
2211
2214
2215
2212
2216
2217
2218
2158
2219
2220
2220
2221
2221
2222
2222
2223
2224
2225
2165
2226
2227
2228
2229
2230
2231
2232
2233
2234
2235
2236
2235
2237
2238
2239
2240
2241
2182
2238
2241
2242
2242
2243
2243
2244
2244
2245
2245
2246
2246
2247
2185
2248
2249
2250
2251
2252
2253
2254
2255
2256
2257
2258
2259
2260
2261
2262
2263
2262
2264
2265
2264
2266
2267
2204
2268
2269
2269
2270
2210
2271
2272
2273
2271
2273
2274
2275
2276
2277
2276
2278
2279
2280
2270
2280
2281
2282
2282
2283
2283
2284
2284
2285
2286
2287
2288
2289
2290
2225
2290
2291
2291
2292
2233
2293
2294
2295
2248
2294
2295
2296
2296
2297
2237
2297
2298
2236
2299
2300
2301
2302
2303
2240
2304
2305
2306
2307
2308
2309
2310
2311
2249
2312
2313
2314
2315
2315
2316
2317
2318
2254
2317
2319
2320
2321
2257
2320
2322
2323
2324
2323
2325
2325
2326
2326
2327
2328
2272
2329
2330
2266
2331
2332
2331
2333
2333
2334
2335
2336
2337
2338
2339
2327
2340
2340
2341
2279
2278
2342
2343
2344
2345
2342
2346
2347
2348
2349
2286
2350
2351
2352
2353
2289
2352
2354
2355
2356
2293
2357
2358
2359
2360
2361
2362
2299
2363
2364
2301
2365
2366
2365
2367
2368
2369
2370
2371
2370
2372
2372
2373
2373
2374
2374
2375
2375
2376
2376
2368
2377
2377
2378
2379
2380
2378
2379
2381
2318
2382
2383
2384
2321
2385
2386
2387
2324
2388
2389
2390
2391
2392
2393
2329
2394
2395
2394
2396
2397
2396
2398
2399
2335
2400
2336
2401
2341
2402
2403
2404
2402
2404
2405
2406
2407
2344
2408
2409
2401
2410
2411
2412
2412
2413
2413
2414
2414
2415
2415
2416
2353
2417
2418
2419
2420
2421
2356
2421
2357
2422
2363
2423
2380
2424
2424
2425
2426
2427
2428
2429
2430
2431
2432
2433
2431
2434
2428
2435
2436
2371
2437
2438
2439
2440
2441
2442
2443
2444
2445
2446
2447
2448
2449
2449
2450
2451
2452
2450
2453
2451
2454
2455
2456
2454
2456
2455
2457
2390
2458
2457
2458
2459
2459
2460
2460
2461
2462
2403
2463
2464
2398
2465
2466
2465
2467
2467
2468
2469
2470
2471
2472
2461
2473
2473
2474
2408
2475
2476
2410
2477
2478
2475
2479
2480
2481
2482
2483
2417
2484
2485
2419
2486
2487
2486
2488
2489
2423
2489
2490
2491
2427
2492
2429
2493
2494
2495
2496
2432
2497
2498
2499
2435
2500
2498
2500
2501
2502
2503
2503
2504
2505
2506
2504
2505
2506
2507
2507
2508
2508
2509
2509
2510
2510
2511
2502
2512
2512
2513
2448
2513
2514
2515
2516
2517
2453
2518
2519
2520
2521
2522
2523
2524
2525
2526
2527
2463
2528
2529
2528
2530
2531
2530
2532
2533
2469
2534
2535
2474
2536
2537
2538
2536
2537
2539
2540
2541
2477
2542
2543
2535
2544
2545
2546
2546
2547
2547
2548
2548
2549
2549
2550
2550
2551
2487
2552
2553
2554
2555
2556
2555
2497
2557
2514
2558
2558
2559
2494
2560
2561
2496
2562
2563
2564
2565
2566
2567
2568
2562
2569
2570
2571
2572
2573
2574
2575
2576
2577
2578
2579
2580
2581
2582
2516
2583
2584
2518
2585
2586
2584
2587
2585
2588
2589
2590
2588
2591
2589
2592
2592
2593
2593
2594
2594
2595
2595
2596
2597
2538
2598
2599
2532
2600
2601
2600
2602
2602
2603
2603
2604
2605
2606
2596
2607
2607
2608
2542
2609
2610
2544
2611
2612
2609
2613
2614
2615
2616
2617
2618
2552
2619
2620
2621
2622
2620
2622
2557
2621
2623
2624
2625
2561
2626
2627
2628
2629
2630
2627
2631
2566
2632
2567
2633
2634
2635
2569
2633
2636
2637
2638
2638
2639
2639
2640
2640
2641
2641
2642
2642
2643
2643
2644
2644
2645
2645
2646
2646
2647
2637
2648
2648
2649
2649
2650
2651
2652
2653
2587
2654
2655
2656
2657
2591
2658
2659
2660
2661
2662
2663
2664
2598
2665
2666
2665
2667
2668
2667
2669
2670
2671
2608
2672
2672
2673
2673
2674
2675
2676
2677
2611
2678
2679
2671
2680
2681
2682
2681
2683
2683
2684
2684
2685
2685
2686
2686
2687
2687
2688
2689
2690
2691
2692
2693
2632
2693
2626
2650
2694
2695
2695
2696
2696
2697
2698
2699
2699
2700
2701
2702
2703
2704
2705
2706
2698
2707
2708
2709
2710
2711
2712
2713
2714
2715
2716
2717
2718
2719
2720
2721
2652
2722
2723
2724
2725
2725
2726
2726
2727
2724
2728
2729
2730
2730
2731
2728
2731
2729
2732
2732
2733
2733
2734
2734
2735
2675
2735
2736
2674
2737
2738
2669
2739
2740
2739
2741
2742
2743
2744
2745
2746
2746
2747
2678
2748
2749
2750
2751
2750
2752
2753
2748
2754
2755
2756
2757
2758
2759
2689
2760
2761
2692
2762
2761
2762
2763
2764
2697
2765
2766
2767
2768
2769
2769
2770
2771
2703
2764
2706
2707
2772
2705
2773
2774
2775
2776
2709
2777
2778
2778
2779
2779
2780
2780
2781
2781
2782
2783
2784
2783
2785
2785
2786
2786
2787
2787
2788
2789
2788
2790
2765
2790
2791
2727
2792
2793
2794
2795
2796
2797
2798
2799
2800
2801
2802
2803
2804
2737
2805
2806
2805
2807
2808
2807
2809
2810
2811
2752
2811
2747
2812
2812
2813
2813
2814
2815
2816
2817
2751
2818
2819
2820
2821
2822
2823
2822
2824
2823
2825
2825
2826
2826
2827
2827
2828
2828
2829
2829
2830
2831
2832
2833
2834
2835
2836
2771
2837
2838
2839
2836
2839
2840
2840
2841
2842
2773
2843
2844
2845
2846
2846
2847
2847
2848
2789
2849
2850
2851
2852
2853
2784
2854
2855
2856
2857
2858
2859
2860
2861
2862
2863
2863
2864
2865
2866
2866
2867
2867
2868
2864
2868
2865
2869
2870
2871
2871
2872
2869
2872
2870
2873
2873
2874
2874
2875
2875
2876
2877
2814
2878
2879
2809
2880
2881
2880
2882
2883
2884
2885
2886
2876
2887
2887
2888
2818
2889
2890
2821
2891
2891
2892
2893
2894
2895
2889
2896
2897
2898
2899
2900
2901
2831
2902
2903
2833
2903
2904
2835
2905
2843
2906
2907
2908
2908
2909
2910
2848
2911
2912
2907
2913
2914
2915
2916
2916
2917
2918
2919
2920
2921
2922
2851
2921
2923
2923
2924
2924
2925
2925
2926
2927
2928
2926
2927
2928
2929
2929
2930
2930
2931
2932
2933
2922
2934
2906
2932
2935
2936
2937
2938
2939
2940
2941
2942
2943
2944
2945
2946
2947
2948
2878
2949
2950
2949
2951
2952
2953
2954
2883
2955
2956
2888
2957
2957
2958
2958
2959
2960
2961
2962
2892
2963
2964
2965
2956
2966
2967
2968
2968
2969
2967
2970
2969
2971
2971
2972
2972
2973
2973
2974
2974
2975
2975
2976
2977
2978
2979
2979
2980
2981
2982
2983
2984
2985
2985
2986
2920
2987
2913
2988
2989
2915
2980
2990
2991
2992
2993
2919
2992
2994
2994
2995
2996
2997
2998
2999
3000
3001
3002
3003
3004
3005
3006
2934
3007
3008
3009
3010
3009
3011
3012
3013
3013
3014
3014
3015
3011
3015
3012
3016
3017
3018
3018
3019
3016
3019
3017
3020
3020
3021
3021
3022
3022
3023
3024
2959
3025
2953
3026
2954
3027
3028
3029
3027
3030
3030
3031
3032
3033
3023
3034
3034
3035
2963
3036
3037
2966
3038
3038
3039
3040
3041
3042
3043
3036
3044
3045
3046
3047
3048
3049
2977
3050
2978
3051
3052
3053
2986
3054
3055
3056
2984
3056
3057
3058
3059
2988
3060
3061
3055
3062
3063
3064
3064
3065
3066
3067
3068
3069
2996
3070
3071
3070
3072
2999
3073
3074
3074
3075
3075
3076
3076
3077
3077
3078
3078
3079
3079
3080
3054
3081
3081
3082
3071
3083
3084
3085
3086
3087
3088
3089
3090
3091
3092
3093
3094
3095
3096
3097
3098
3025
3099
3100
3101
3102
3103
3101
3104
3104
3105
3106
3035
3107
3107
3108
3108
3109
3110
3111
3112
3039
3113
3114
3115
3106
3116
3117
3118
3118
3119
3119
3120
3117
3121
3120
3122
3122
3123
3123
3124
3124
3125
3125
3126
3126
3127
3127
3128
3128
3129
3063
3129
3130
3131
3132
3133
3134
3059
3135
3136
3069
3137
3062
3138
3139
3140
3140
3067
3141
3142
3143
3144
3142
3145
3143
3146
3147
3073
3148
3149
3150
3151
3152
3153
3154
3155
3156
3157
3083
3158
3159
3160
3161
3162
3160
3163
3164
3165
3165
3166
3166
3167
3163
3167
3094
3164
3093
3168
3169
3170
3096
3171
3172
3172
3173
3173
3174
3102
3175
3109
3176
3177
3178
3105
3179
3180
3181
3182
3183
3184
3185
3174
3186
3186
3187
3113
3188
3189
3116
3190
3190
3191
3192
3193
3194
3195
3196
3188
3197
3198
3199
3200
3201
3202
3203
3204
3205
3136
3206
3207
3208
3133
3208
3209
3135
3210
3211
3212
3138
3213
3214
3207
3215
3216
3217
3218
3219
3220
3145
3221
3222
3223
3224
3223
3225
3224
3226
3150
3226
3227
3227
3228
3228
3229
3229
3230
3230
3231
3232
3233
3233
3206
3234
3234
3235
3225
3236
3237
3162
3238
3239
3240
3241
3242
3243
3244
3171
3245
3170
3246
3247
3248
3249
3250
3251
3176
3178
3252
3253
3254
3255
3182
3256
3254
3257
3257
3258
3259
3187
3260
3260
3261
3261
3262
3263
3264
3265
3191
3266
3267
3268
3259
3269
3270
3271
3271
3272
3272
3273
3273
3274
3270
3275
3274
3276
3276
3277
3277
3278
3278
3279
3279
3280
3280
3281
3281
3282
3216
3283
3284
3285
3286
3287
3288
3288
3289
3290
3291
3284
3291
3220
3292
3215
3293
3294
3217
3295
3221
3296
3220
3297
3298
3297
3299
3300
3301
3302
3303
3304
3305
3306
3307
3232
3308
3309
3310
3311
3236
3312
3313
3314
3315
3314
3316
3316
3315
3317
3318
3319
3318
3320
3320
3321
3317
3321
3322
3323
3322
3324
3319
3324
3323
3325
3325
3326
3326
3327
3327
3328
3262
3329
3255
3330
3331
3332
3258
3333
3334
3335
3336
3337
3338
3339
3328
3340
3340
3341
3266
3342
3343
3269
3344
3344
3345
3346
3347
3348
3349
3350
3351
3342
3352
3353
3354
3355
3356
3357
3358
3283
3359
3295
3360
3361
3362
3287
3362
3363
3364
3290
3365
3366
3367
3293
3368
3369
3361
3370
3371
3372
3373
3368
3299
3374
3375
3301
3376
3377
3376
3378
3304
3379
3380
3306
3381
3382
3382
3383
3383
3384
3384
3385
3386
3360
3387
3387
3388
3378
3389
3390
3391
3392
3393
3394
3395
3396
3397
3398
3399
3400
3401
3402
3403
3404
3332
3405
3406
3407
3407
3408
3406
3336
3409
3408
3410
3410
3411
3412
3341
3413
3413
3414
3414
3415
3416
3417
3418
3345
3419
3420
3421
3412
3422
3423
3424
3424
3425
3425
3426
3426
3427
3427
3428
3423
3429
3428
3430
3430
3431
3431
3432
3432
3433
3433
3434
3434
3435
3435
3436
3437
3438
3439
3364
3440
3441
3441
3442
3367
3443
3444
3445
3370
3446
3447
3372
3436
3448
3449
3450
3450
3451
3445
3452
3453
3379
3454
3455
3456
3381
3457
3458
3459
3460
3461
3386
3462
3463
3464
3389
3465
3466
3467
3468
3467
3469
3468
3470
3469
3471
3472
3473
3472
3474
3473
3475
3471
3475
3476
3477
3476
3478
3474
3477
3478
3479
3479
3480
3480
3481
3481
3482
3415
3483
3484
3485
3486
3411
3487
3488
3489
3490
3491
3492
3493
3482
3494
3494
3495
3419
3496
3497
3422
3498
3498
3499
3500
3501
3502
3503
3504
3505
3506
3496
3507
3508
3509
3510
3511
3512
3513
3514
3444
3515
3516
3517
3517
3518
3518
3519
3520
3443
3521
3522
3523
3524
3524
3525
3516
3525
3449
3526
3527
3528
3529
3530
3530
3531
3454
3532
3533
3532
3534
3533
3535
3535
3536
3537
3538
3460
3537
3539
3540
3541
3463
3540
3542
3515
3543
3543
3544
3534
3545
3546
3547
3548
3549
3550
3551
3552
3553
3554
3555
3556
3557
3558
3559
3560
3561
3484
3562
3563
3486
3564
3565
3490
3566
3565
3567
3567
3568
3569
3495
3570
3570
3571
3571
3572
3573
3574
3575
3499
3576
3577
3578
3569
3579
3580
3581
3581
3582
3582
3583
3583
3584
3584
3585
3585
3586
3580
3587
3586
3588
3588
3589
3589
3590
3590
3591
3591
3592
3592
3593
3526
3593
3594
3595
3596
3597
3598
3599
3599
3600
3600
3601
3523
3602
3603
3604
3605
3606
3607
3608
3529
3608
3609
3610
3604
3611
3612
3613
3614
3615
3538
3616
3617
3618
3541
3619
3620
3621
3622
3623
3545
3624
3625
3626
3627
3626
3628
3627
3629
3628
3629
3630
3631
3632
3632
3633
3631
3634
3630
3633
3635
3636
3634
3635
3636
3637
3637
3638
3638
3639
3639
3640
3640
3641
3572
3642
3564
3643
3644
3645
3568
3646
3647
3648
3649
3650
3651
3652
3641
3653
3653
3654
3576
3655
3656
3579
3657
3657
3658
3659
3660
3661
3662
3663
3664
3665
3666
3655
3667
3668
3669
3670
3671
3672
3673
3603
3674
3675
3676
3676
3677
3598
3677
3678
3679
3680
3602
3681
3682
3683
3684
3675
3684
3607
3685
3686
3687
3688
3689
3611
3689
3690
3691
3692
3692
3693
3625
3691
3694
3695
3618
3694
3619
3696
3697
3698
3699
3700
3698
3701
3699
3674
3702
3702
3703
3704
3705
3706
3707
3708
3709
3710
3711
3712
3713
3714
3715
3716
3717
3718
3719
3720
3643
3721
3644
3722
3722
3723
3649
3724
3723
3725
3725
3726
3727
3654
3728
3728
3729
3729
3730
3731
3732
3733
3658
3734
3735
3736
3727
3737
3738
3739
3738
3740
3740
3741
3741
3742
3742
3743
3743
3744
3744
3745
3739
3746
3745
3747
3747
3748
3748
3749
3749
3750
3750
3751
3685
3751
3752
3753
3754
3755
3756
3757
3757
3758
3758
3759
3759
3760
3683
3761
3762
3763
3764
3765
3766
3766
3767
3767
3768
3769
3763
3770
3771
3772
3695
3773
3774
3775
3697
3776
3777
3778
3779
3701
3780
3781
3782
3704
3783
3784
3785
3786
3785
3787
3786
3788
3787
3789
3789
3790
3791
3792
3792
3793
3790
3793
3791
3794
3794
3795
3795
3796
3796
3797
3797
3798
3798
3799
3799
3800
3800
3801
3730
3802
3803
3804
3726
3805
3806
3807
3808
3809
3810
3811
3801
3812
3812
3813
3734
3814
3815
3737
3816
3816
3817
3818
3819
3820
3821
3822
3823
3824
3825
3826
3814
3827
3828
3829
3830
3831
3832
3762
3833
3834
3835
3835
3836
3756
3836
3837
3838
3839
3840
3761
3841
3842
3843
3834
3765
3844
3845
3846
3847
3769
3848
3849
3849
3850
3851
3852
3773
3852
3853
3777
3854
3853
3855
3778
3856
3857
3858
3859
3859
3860
3858
3861
3783
3862
3863
3851
3864
3865
3866
3867
3868
3869
3870
3871
3872
3873
3874
3875
3876
3877
3878
3879
3880
3881
3803
3882
3883
3883
3884
3808
3885
3884
3886
3887
3888
3889
3813
3890
3890
3891
3891
3892
3893
3894
3895
3817
3896
3897
3898
3889
3899
3900
3901
3901
3902
3900
3903
3903
3904
3904
3905
3905
3906
3906
3907
3907
3908
3902
3909
3908
3910
3910
3911
3911
3912
3912
3913
3844
3913
3862
3914
3915
3916
3917
3918
3919
3919
3920
3921
3922
3922
3923
3923
3924
3925
3926
3914
3926
3927
3928
3929
3929
3930
3930
3931
3931
3932
3933
3915
3934
3855
3857
3861
3864
3935
3936
3868
3935
3936
3937
3938
3937
3939
3939
3940
3941
3942
3941
3943
3940
3943
3942
3944
3876
3945
3946
3946
3947
3947
3948
3948
3949
3881
3950
3951
3892
3952
3952
3953
3888
3954
3887
3955
3956
3957
3958
3959
3960
3961
3951
3962
3962
3963
3896
3964
3965
3899
3966
3966
3967
3968
3969
3970
3971
3972
3973
3974
3975
3976
3977
3964
3978
3979
3980
3981
3982
3983
3983
3984
3918
3984
3985
3986
3921
3987
3925
3928
3988
3989
3990
3991
3992
3933
3993
3994
3994
3995
3996
3997
3998
3999
4000
4001
4002
4003
4004
3945
4005
4006
4007
4008
4009
3950
4010
4011
4012
4013
4013
4014
3958
4015
4014
4016
4017
4018
4018
4019
4020
3963
4021
4021
4022
4022
4023
4024
4025
4026
3967
4027
4028
4029
4020
4030
4031
4032
4031
4033
4033
4034
4032
4035
4035
4036
4036
4037
4037
4038
4038
4039
4039
4040
4034
4041
4040
4042
4042
4043
4043
4044
3988
4044
4045
4046
4047
4048
3987
4048
4049
4050
4051
4051
4052
4052
4053
4053
4054
4054
4055
4056
4057
4058
3999
4059
4059
4060
4060
4061
4062
4061
4063
4063
4064
4003
4065
4066
4064
4067
4006
4068
4069
4069
4070
4070
4071
4071
4072
4072
4073
4074
4075
4074
4076
4077
4078
4019
4079
4017
4080
4081
4082
4083
4084
4085
4086
4077
4087
4076
4088
4088
4089
4027
4090
4091
4030
4092
4092
4093
4094
4095
4096
4097
4098
4099
4100
4101
4102
4103
4104
4090
4105
4106
4107
4108
4058
4109
4109
4110
4110
4050
4111
4112
4113
4114
4115
4116
4117
4118
4057
4118
4119
4120
4121
4122
4123
4124
4125
4126
4067
4127
4068
4128
4129
4130
4131
4132
4133
4134
4075
4135
4136
4137
4138
4139
4139
4140
4084
4141
4140
4142
4142
4143
4143
4144
4144
4145
4146
4089
4147
4087
4147
4148
4149
4150
4151
4093
4152
4153
4154
4146
4155
4156
4157
4156
4158
4157
4159
4159
4160
4158
4161
4161
4162
4162
4163
4163
4164
4164
4165
4165
4166
4160
4167
4166
4168
4168
4169
4111
4169
4170
4171
4172
4173
4174
4173
4175
4175
4176
4176
4177
4177
4178
4178
4179
4180
4180
4181
4181
4182
4124
4183
4183
4184
4184
4185
4186
4185
4187
4187
4188
4189
4190
4189
4191
4188
4192
4191
4193
4193
4194
4194
4195
4195
4196
4196
4197
4197
4198
4199
4200
4198
4200
4199
4201
4202
4203
4145
4204
4205
4206
4207
4208
4209
4210
4211
4212
4201
4213
4213
4214
4152
4215
4216
4155
4217
4217
4218
4219
4220
4221
4222
4223
4224
4225
4226
4227
4228
4229
4230
4215
4231
4232
4233
4171
4182
4234
4174
4235
4236
4237
4238
4239
4240
4241
4242
4243
4244
4245
4246
4247
4248
4249
4250
4251
4252
4253
4192
4254
4255
4256
4257
4258
4259
4260
4261
4262
4263
4264
4265
4203
4212
4266
4209
4267
4266
4268
4268
4269
4269
4270
4270
4271
4272
4211
4214
4273
4274
4275
4276
4277
4218
4278
4279
4280
4272
4281
4282
4283
4282
4284
4283
4285
4284
4286
4286
4287
4285
4288
4288
4289
4289
4290
4290
4291
4291
4292
4292
4293
4287
4294
4293
4295
4235
4295
4296
4297
4298
4299
4298
4300
4299
4301
4301
4302
4241
4302
4303
4303
4304
4244
4305
4306
4307
4308
4296
4308
4309
4310
4309
4311
4312
4313
4310
4312
4314
4256
4314
4315
4316
4315
4317
4316
4318
4317
4318
4319
4319
4320
4320
4321
4321
4322
4322
4323
4323
4324
4325
4326
4324
4325
4326
4327
4328
4271
4329
4330
4331
4332
4333
4334
4335
4336
4328
4336
4327
4337
4337
4338
4278
4339
4340
4281
4341
4341
4342
4343
4344
4345
4346
4347
4348
4349
4350
4351
4352
4353
4354
4355
4339
4356
4357
4300
4358
4359
4360
4361
4362
4363
4364
4365
4366
4366
4367
4307
4367
4368
4369
4313
4370
4371
4372
4373
4374
4375
4376
4377
4378
4379
4380
4381
4382
4383
4384
4385
4386
4387
4334
4388
4387
4389
4389
4390
4390
4391
4391
4392
4393
4338
4394
4395
4396
4397
4398
4342
4399
4400
4401
4393
4402
4403
4404
4404
4405
4403
4406
4405
4407
4406
4408
4408
4409
4407
4410
4410
4411
4411
4412
4412
4413
4413
4414
4414
4415
4409
4416
4358
4415
4417
4418
4419
4419
4420
4418
4421
4420
4422
4364
4422
4423
4423
4424
4425
4426
4427
4428
4372
4426
4429
4430
4429
4430
4431
4432
4433
4432
4434
4431
4435
4434
4436
4436
4437
4437
4438
4438
4439
4439
4440
4440
4441
4441
4442
4442
4443
4443
4444
4444
4445
4446
4392
4447
4448
4449
4450
4451
4452
4395
4453
4454
4445
4455
4455
4456
4399
4457
4458
4402
4459
4459
4460
4461
4462
4463
4464
4465
4466
4467
4468
4469
4470
4471
4472
4473
4474
4457
4475
4421
4476
4477
4478
4479
4480
4481
4482
4483
4484
4484
4485
4428
4486
4487
4488
4489
4490
4491
4435
4492
4493
4494
4495
4496
4497
4498
4499
4500
4501
4502
4503
4504
4454
4505
4452
4506
4507
4508
4507
4509
4509
4510
4510
4511
4512
4456
4513
4513
4514
4515
4516
4460
4517
4518
4519
4512
4520
4521
4522
4522
4523
4523
4524
4521
4525
4524
4526
4525
4527
4527
4528
4526
4529
4529
4530
4530
4531
4531
4532
4532
4533
4476
4533
4528
4534
4535
4536
4537
4537
4538
4538
4539
4536
4540
4482
4539
4541
4541
4486
4542
4543
4544
4542
4545
4545
4546
4546
4547
4548
4549
4494
4549
4548
4550
4551
4550
4552
4552
4553
4553
4554
4554
4555
4555
4556
4556
4557
4557
4558
4558
4559
4559
4560
4560
4561
4508
4562
4511
4563
4564
4565
4566
4567
4568
4569
4570
4561
4571
4571
4572
4517
4573
4574
4520
4575
4575
4576
4577
4578
4579
4580
4581
4582
4583
4584
4585
4586
4587
4588
4589
4590
4573
4591
4540
4592
4593
4594
4595
4596
4597
4598
4599
4544
4600
4601
4602
4603
4551
4604
4605
4606
4607
4608
4609
4610
4611
4612
4613
4614
4615
4616
4617
4618
4570
4619
4569
4620
4621
4622
4622
4623
4621
4624
4624
4625
4625
4626
4627
4628
4629
4630
4631
4632
4576
4633
4634
4635
4627
4636
4637
4638
4638
4639
4639
4640
4640
4641
4637
4642
4641
4643
4642
4644
4644
4645
4643
4646
4646
4647
4647
4648
4648
4649
4592
4649
4645
4650
4651
4652
4653
4653
4654
4654
4655
4598
4655
4652
4656
4657
4658
4659
4659
4660
4660
4661
4658
4662
4662
4663
4663
4664
4665
4666
4666
4667
4665
4668
4664
4667
4668
4669
4669
4670
4670
4671
4671
4672
4672
4673
4673
4674
4674
4675
4675
4676
4676
4677
4629
4677
4623
4678
4626
4679
4680
4681
4682
4683
4684
4685
4686
4631
4678
4687
4687
4688
4689
4633
4690
4691
4636
4692
4692
4693
4694
4695
4696
4697
4698
4699
4700
4701
4702
4703
4704
4705
4706
4707
4690
4708
4656
4709
4710
4711
4712
4713
4714
4715
4716
4717
4718
4719
4720
4721
4722
4723
4724
4725
4726
4727
4728
4729
4730
4731
4732
4733
4734
4735
4736
4686
4737
4738
4739
4738
4740
4736
4740
4739
4741
4741
4742
4742
4743
4744
4745
4746
4747
4747
4748
4749
4693
4750
4751
4752
4744
4753
4754
4755
4755
4756
4756
4757
4757
4758
4758
4759
4754
4760
4759
4761
4760
4762
4762
4763
4761
4764
4764
4765
4765
4766
4709
4766
4763
4767
4768
4769
4770
4770
4771
4771
4772
4715
4772
4769
4773
4774
4775
4774
4776
4776
4777
4777
4775
4778
4778
4779
4780
4781
4782
4783
4783
4784
4780
4784
4782
4785
4785
4786
4729
4786
4787
4731
4788
4789
4790
4791
4790
4792
4792
4793
4745
4793
4794
4743
4795
4796
4797
4798
4799
4800
4801
4802
4803
4803
4804
4805
4794
4806
4750
4807
4808
4753
4809
4809
4810
4811
4812
4813
4814
4815
4816
4817
4818
4819
4820
4821
4822
4823
4824
4807
4825
4773
4826
4827
4828
4829
4830
4831
4832
4833
4834
4835
4781
4836
4837
4838
4839
4840
4841
4842
4843
4788
4844
4845
4791
4846
4847
4848
4849
4850
4851
4802
4852
4853
4854
4853
4855
4851
4854
4855
4856
4856
4857
4857
4858
4859
4860
4805
4861
4862
4862
4863
4864
4810
4865
4866
4867
4859
4868
4869
4870
4870
4871
4871
4872
4872
4873
4873
4874
4874
4875
4869
4876
4875
4877
4876
4878
4878
4879
4877
4880
4880
4881
4826
4881
4879
4882
4883
4884
4885
4885
4886
4886
4884
4887
4888
4889
4889
4890
4888
4891
4891
4890
4892
4892
4893
4894
4895
4893
4895
4896
4897
4896
4898
4894
4898
4897
4899
4899
4900
4900
4901
4901
4902
4902
4903
4904
4905
4903
4904
4905
4906
4906
4907
4863
4858
4908
4909
4910
4911
4912
4913
4914
4915
4907
4916
4917
4918
4919
4920
4865
4921
4922
4868
4923
4923
4924
4925
4926
4927
4928
4929
4930
4931
4932
4933
4934
4935
4936
4937
4938
4921
4939
4887
4940
4941
4942
4943
4944
4945
4946
4947
4948
4949
4950
4951
4952
4953
4954
4955
4956
4957
4958
4959
4960
4961
4962
4963
4964
4915
4965
4966
4967
4920
4966
4967
4968
4968
4969
4969
4970
4970
4971
4972
4917
4973
4974
4919
4975
4976
4977
4978
4924
4979
4980
4981
4972
4982
4983
4984
4984
4985
4985
4986
4986
4987
4987
4988
4988
4989
4989
4990
4983
4991
4990
4992
4991
4993
4993
4994
4992
4995
4940
4995
4994
4996
4997
4998
4999
4999
5000
5000
4998
5001
5002
5003
5003
5004
5004
5005
5002
5005
5006
5006
5007
5008
5009
5009
5010
5011
5012
5011
5013
5008
5012
5013
5014
5014
5015
5015
5016
5016
5017
5017
5018
5018
5019
4963
5019
5020
5020
5021
4971
5022
5023
5024
5025
5026
5027
5028
5029
5021
5030
5030
5031
5032
5033
4977
5032
5034
4979
5035
5036
4982
5037
5037
5038
5039
5040
5041
5042
5043
5044
5045
5046
5047
5048
5049
5050
5051
5052
5035
5053
5001
5054
5055
5056
5057
5058
5059
5060
5061
5010
5062
5063
5064
5065
5066
5067
5068
5069
5070
5071
5072
5073
5074
5075
5076
5029
5077
5078
5079
5078
5080
5080
5081
5081
5082
5082
5083
5083
5084
5085
5086
5033
5087
5088
5089
5079
5090
5091
5038
5092
5093
5094
5085
5095
5096
5097
5097
5098
5098
5099
5099
5100
5100
5101
5101
5102
5102
5103
5103
5104
5096
5105
5104
5106
5105
5107
5107
5108
5054
5106
5108
5109
5110
5111
5111
5112
5113
5114
5113
5115
5115
5116
5061
5116
5117
5117
5118
5119
5120
5119
5121
5118
5121
5122
5123
5120
5123
5122
5124
5124
5125
5125
5126
5126
5127
5127
5128
5128
5129
5129
5130
5076
5131
5132
5084
5133
5134
5135
5136
5137
5138
5139
5140
5141
5132
5142
5143
5144
5090
5145
5143
5145
5146
5092
5147
5148
5095
5149
5149
5150
5151
5152
5153
5154
5155
5156
5157
5158
5159
5160
5161
5162
5163
5164
5147
5165
5112
5166
5167
5168
5169
5170
5171
5172
5173
5174
5175
5176
5177
5178
5179
5180
5181
5182
5183
5184
5131
5185
5186
5187
5141
5188
5189
5190
5146
5190
5189
5191
5191
5192
5192
5193
5193
5194
5194
5195
5196
5144
5197
5198
5199
5200
5201
5202
5150
5203
5204
5205
5196
5206
5207
5208
5207
5209
5209
5210
5210
5211
5211
5212
5212
5213
5213
5214
5214
5215
5215
5216
5208
5217
5166
5216
5217
5218
5218
5219
5219
5220
5221
5222
5169
5223
5224
5223
5225
5225
5226
5226
5227
5227
5228
5229
5230
5229
5231
5230
5232
5233
5234
5231
5234
5233
5235
5235
5236
5236
5237
5237
5238
5184
5238
5239
5239
5240
5187
5241
5242
5195
5243
5244
5245
5246
5247
5248
5249
5250
5251
5242
5252
5253
5254
5254
5255
5201
5256
5257
5203
5258
5259
5206
5260
5260
5261
5262
5263
5264
5265
5266
5267
5268
5269
5270
5271
5272
5273
5274
5275
5258
5276
5222
5272
5277
5278
5279
5280
5281
5232
5282
5283
5284
5285
5286
5287
5288
5289
5290
5291
5292
5293
5241
5294
5295
5296
5251
5297
5245
5298
5257
5298
5299
5300
5301
5300
5302
5302
5303
5303
5304
5305
5255
5306
5256
5307
5308
5309
5310
5311
5312
5261
5313
5314
5315
5305
5316
5317
5318
5317
5319
5318
5320
5320
5321
5321
5322
5322
5323
5323
5324
5324
5325
5325
5326
5327
5319
5328
5328
5329
5329
5330
5330
5331
5279
5332
5333
5334
5335
5336
5282
5335
5337
5338
5339
5338
5340
5339
5341
5337
5340
5342
5343
5341
5343
5342
5344
5344
5345
5345
5346
5346
5347
5347
5348
5348
5349
5296
5350
5351
5304
5352
5353
5301
5354
5355
5356
5357
5358
5359
5360
5351
5361
5362
5363
5363
5364
5364
5365
5311
5362
5366
5313
5367
5368
5316
5369
5369
5370
5371
5372
5373
5374
5375
5376
5377
5378
5379
5380
5327
5381
5382
5383
5367
5384
5333
5385
5386
5336
5387
5388
5389
5390
5391
5392
5393
5394
5395
5396
5397
5398
5399
5400
5401
5350
5402
5403
5404
5360
5405
5366
5406
5406
5407
5408
5409
5407
5408
5409
5410
5410
5411
5411
5412
5413
5365
5414
5415
5416
5417
5418
5419
5420
5370
5421
5422
5423
5413
5424
5425
5426
5426
5427
5425
5428
5427
5429
5429
5430
5430
5431
5431
5432
5432
5433
5433
5428
5434
5434
5435
5435
5436
5436
5437
5438
5439
5439
5438
5440
5441
5442
5440
5442
5441
5443
5444
5445
5445
5446
5443
5444
5446
5447
5448
5449
5447
5448
5449
5450
5450
5451
5451
5452
5452
5453
5402
5454
5455
5455
5456
5456
5457
5412
5458
5459
5460
5461
5462
5463
5464
5465
5466
5457
5467
5419
5468
5469
5470
5418
5470
5471
5472
5421
5473
5474
5424
5475
5475
5476
5477
5478
5479
5480
5481
5482
5483
5484
5485
5486
5487
5488
5489
5473
5490
5491
5492
5493
5494
5495
5496
5497
5498
5499
5500
5501
5502
5503
5504
5505
5454
5506
5507
5508
5509
5510
5466
5511
5472
5512
5512
5513
5513
5514
5514
5515
5515
5516
5516
5517
5517
5518
5519
5471
5520
5469
5521
5522
5523
5524
5525
5526
5476
5527
5528
5529
5519
5530
5531
5532
5532
5533
5533
5534
5531
5535
5534
5536
5536
5537
5537
5538
5538
5539
5539
5535
5540
5540
5541
5541
5542
5542
5543
5544
5545
5545
5546
5544
5547
5548
5549
5547
5549
5548
5550
5550
5551
5551
5552
5552
5553
5553
5554
5554
5555
5555
5556
5556
5557
5557
5558
5506
5558
5559
5508
5560
5561
5562
5563
5563
5564
5518
5565
5566
5567
5568
5569
5570
5571
5572
5573
5564
5574
5525
5575
5576
5577
5524
5576
5578
5579
5527
5580
5581
5530
5582
5582
5583
5584
5585
5586
5587
5588
5589
5590
5591
5592
5593
5580
5594
5595
5596
5597
5598
5599
5600
5601
5602
5603
5604
5605
5606
5607
5608
5609
5560
5610
5611
5562
5612
5613
5614
5615
5573
5616
5579
5617
5617
5618
5618
5619
5619
5620
5620
5621
5622
5623
5622
5624
5625
5578
5626
5627
5628
5629
5628
5630
5631
5627
5632
5583
5633
5634
5635
5625
5636
5637
5638
5638
5639
5639
5640
5640
5641
5637
5642
5641
5642
5643
5643
5644
5644
5645
5645
5646
5647
5648
5648
5649
5649
5647
5650
5651
5652
5650
5651
5652
5653
5653
5654
5654
5655
5655
5656
5656
5657
5657
5658
5658
5659
5660
5661
5660
5662
5662
5663
5612
5663
5664
5665
5666
5666
5667
5626
5668
5624
5669
5670
5671
5672
5673
5623
5674
5675
5676
5677
5678
5679
5680
5681
5631
5682
5682
5683
5684
5633
5685
5686
5636
5687
5687
5688
5689
5690
5691
5692
5693
5694
5695
5696
5697
5698
5685
5699
5700
5701
5702
5703
5704
5705
5706
5707
5708
5709
5710
5711
5661
5712
5713
5714
5715
5716
5665
5716
5717
5718
5668
5719
5720
5678
5721
5680
5722
5722
5723
5723
5724
5724
5725
5725
5726
5727
5728
5726
5727
5728
5729
5730
5684
5731
5732
5732
5733
5734
5733
5735
5736
5737
5688
5738
5739
5740
5730
5741
5742
5743
5743
5744
5744
5745
5745
5746
5746
5742
5747
5747
5748
5748
5749
5749
5750
5750
5751
5752
5753
5754
5755
5754
5752
5756
5756
5757
5757
5758
5758
5759
5759
5760
5760
5761
5761
5762
5762
5763
5763
5764
5764
5765
5766
5767
5765
5767
5766
5768
5768
5718
5769
5770
5771
5772
5731
5771
5729
5773
5774
5775
5776
5777
5778
5779
5780
5781
5782
5783
5784
5785
5735
5786
5787
5786
5788
5738
5789
5790
5741
5791
5791
5792
5793
5794
5795
5796
5797
5798
5799
5800
5789
5801
5802
5755
5803
5804
5805
5806
5807
5808
5809
5810
5811
5812
5813
5814
5815
5816
5817
5818
5818
5819
5772
5820
5821
5822
5782
5823
5784
5824
5824
5825
5825
5826
5826
5827
5827
5828
5828
5829
5829
5830
5831
5832
5833
5788
5834
5835
5835
5836
5837
5836
5838
5839
5840
5792
5841
5842
5843
5833
5844
5845
5846
5846
5847
5847
5845
5848
5848
5849
5849
5850
5850
5851
5851
5852
5853
5854
5853
5855
5856
5855
5856
5854
5857
5857
5858
5858
5859
5859
5860
5860
5861
5861
5862
5862
5863
5863
5864
5865
5866
5865
5867
5868
5869
5867
5869
5868
5820
5870
5871
5834
5872
5872
5873
5831
5874
5875
5876
5877
5878
5879
5880
5832
5881
5882
5883
5884
5885
5886
5887
5839
5888
5888
5889
5890
5841
5891
5892
5844
5893
5893
5894
5895
5896
5897
5898
5899
5900
5901
5891
5902
5903
5904
5905
5906
5907
5908
5909
5910
5911
5912
5913
5866
5914
5915
5916
5917
5918
5919
5918
5920
5873
5921
5922
5923
5884
5924
5876
5925
5926
5926
5927
5927
5928
5928
5929
5929
5930
5930
5931
5932
5933
5931
5932
5934
5890
5935
5925
5936
5936
5937
5938
5937
5939
5940
5941
5894
5942
5943
5944
5934
5945
5946
5947
5947
5946
5948
5948
5949
5949
5950
5950
5951
5951
5952
5953
5954
5953
5955
5954
5956
5956
5957
5955
5958
5958
5959
5959
5960
5960
5961
5961
5962
5962
5963
5963
5964
5964
5965
5966
5967
5965
5967
5966
5968
5969
5968
5969
5921
5970
5971
5935
5972
5972
5973
5933
5974
5975
5976
5977
5978
5979
5980
5981
5982
5983
5984
5985
5986
5987
5988
5989
5987
5988
5989
5990
5942
5991
5992
5945
5993
5993
5994
5995
5996
5997
5998
5999
6000
5991
6001
6002
6003
6004
6005
6006
6007
6008
6009
6010
6011
6012
6013
6014
6015
6016
6017
6018
6018
6019
5973
6020
6021
6022
5984
6023
5976
6024
6025
6025
6026
5979
6027
6028
6028
6029
6029
6030
6030
6031
6031
6032
6033
5990
6034
6024
6035
6036
6037
6038
6039
6040
5994
6041
6042
6043
6033
6044
6045
6045
6046
6046
6047
6047
6048
6048
6049
6049
6050
6051
6052
6052
6053
6051
6054
6053
6055
6055
6054
6056
6056
6057
6057
6058
6059
6060
6059
6061
6013
6061
6062
6063
6064
6065
6066
6063
6066
6065
6067
6067
6020
6068
6069
6034
6070
6070
6071
6032
6072
6073
6074
6075
6076
6076
6077
6078
6079
6080
6081
6082
6083
6084
6085
6086
6086
6087
6038
6088
6089
6089
6090
6041
6091
6092
6044
6093
6093
6094
6095
6096
6097
6098
6099
6091
6100
6101
6102
6103
6104
6105
6106
6107
6060
6108
6109
6110
6111
6064
6112
6113
6114
6115
6116
6117
6117
6118
6071
6119
6120
6121
6083
6122
6074
6085
6075
6123
6124
6125
6126
6125
6127
6127
6128
6128
6129
6129
6130
6130
6131
6132
6090
6133
6134
6135
6088
6136
6137
6138
6139
6140
6094
6141
6142
6143
6132
6144
6145
6145
6146
6146
6147
6147
6148
6148
6149
6150
6151
6152
6153
6152
6154
6150
6155
6154
6155
6156
6156
6157
6157
6158
6159
6160
6158
6160
6159
6161
6161
6162
6163
6164
6162
6163
6165
6166
6164
6165
6167
6119
6168
6169
6133
6170
6170
6171
6172
6173
6134
6174
6174
6175
6176
6175
6177
6178
6179
6180
6181
6173
6182
6172
6183
6184
6184
6185
6185
6186
6186
6187
6187
6188
6188
6189
6141
6190
6191
6144
6192
6192
6193
6194
6195
6196
6197
6198
6190
6199
6200
6153
6201
6202
6203
6204
6205
6206
6207
6208
6209
6210
6211
6212
6213
6214
6215
6167
6216
6217
6217
6218
6171
6219
6220
6221
6222
6223
6224
6225
6177
6226
6227
6179
6228
6229
6229
6230
6230
6231
6231
6232
6189
6233
6234
6235
6236
6237
6238
6239
6240
6193
6241
6242
6243
6222
6244
6245
6245
6246
6246
6247
6247
6248
6248
6249
6250
6251
6251
6252
6253
6254
6252
6253
6254
6250
6255
6255
6256
6256
6257
6257
6258
6259
6260
6260
6261
6259
6262
6262
6263
6214
6263
6264
6216
6265
6266
6267
6219
6268
6269
6233
6270
6270
6271
6272
6273
6274
6234
6275
6275
6276
6228
6277
6276
6278
6279
6280
6281
6282
6274
6283
6284
6285
6236
6286
6287
6287
6288
6288
6289
6289
6290
6241
6291
6292
6244
6293
6293
6294
6295
6296
6297
6298
6291
6299
6300
6301
6302
6303
6304
6305
6306
6307
6261
6308
6309
6310
6311
6312
6313
6265
6314
6315
6267
6316
6317
6317
6318
6271
6319
6320
6321
6273
6322
6323
6324
6325
6326
6278
6327
6328
6280
6329
6330
6330
6331
6331
6332
6332
6333
6290
6334
6286
6335
6336
6337
6338
6339
6340
6341
6294
6342
6343
6344
6322
6345
6346
6346
6347
6347
6348
6348
6349
6350
6351
6351
6352
6352
6353
6354
6355
6354
6350
6356
6356
6357
6357
6358
6358
6359
6360
6361
6360
6362
6359
6362
6361
6363
6314
6363
6364
6316
6365
6366
6367
6319
6368
6369
6334
6370
6370
6371
6372
6373
6374
6333
6375
6335
6376
6376
6377
6329
6378
6377
6379
6380
6381
6382
6383
6384
6385
6386
6386
6387
6387
6388
6388
6389
6340
6390
6391
6342
6392
6393
6345
6394
6394
6395
6396
6397
6398
6392
6399
6400
6401
6402
6355
6403
6404
6405
6406
6407
6408
6409
6410
6411
6412
6413
6365
6414
6415
6367
6416
6417
6417
6418
6371
6419
6420
6421
6374
6396
6375
6422
6423
6424
6425
6426
6379
6427
6428
6381
6429
6430
6430
6431
6431
6432
6432
6433
6391
6434
6435
6436
6437
6390
6438
6439
6440
6441
6395
6442
6443
6444
6445
6446
6446
6447
6447
6448
6449
6450
6449
6451
6451
6452
6452
6453
6454
6453
6454
6450
6455
6455
6456
6457
6458
6457
6459
6411
6460
6461
6459
6460
6462
6463
6462
6464
6416
6464
6465
6466
6419
6467
6468
6434
6469
6469
6470
6424
6471
6472
6473
6474
6435
6475
6475
6476
6429
6477
6476
6478
6479
6480
6481
6482
6474
6483
6484
6485
6437
6486
6487
6487
6488
6488
6489
6489
6490
6442
6491
6492
6445
6493
6493
6494
6495
6496
6491
6497
6498
6499
6500
6501
6502
6503
6504
6458
6505
6506
6507
6508
6509
6463
6510
6511
6512
6513
6466
6514
6515
6515
6516
6470
6517
6518
6519
6473
6520
6495
6521
6522
6523
6524
6525
6478
6526
6527
6480
6528
6529
6482
6530
6531
6531
6532
6490
6533
6486
6534
6535
6536
6537
6538
6539
6540
6494
6541
6542
6543
6544
6545
6545
6546
6547
6548
6547
6549
6548
6550
6550
6551
6551
6552
6552
6553
6549
6554
6554
6555
6556
6557
6555
6556
6557
6558
6559
6560
6512
6560
6561
6562
6563
6514
6561
6564
6565
6517
6566
6567
6533
6568
6567
6569
6522
6570
6571
6572
6571
6570
6573
6534
6574
6574
6575
6528
6576
6575
6577
6578
6530
6579
6580
6581
6573
6582
6583
6584
6584
6585
6585
6586
6586
6587
6539
6588
6589
6541
6590
6591
6544
6592
6592
6593
6594
6590
6595
6596
6597
6598
6599
6600
6601
6602
6603
6604
6605
6606
6559
6607
6608
6609
6610
6563
6611
6612
6565
6613
6614
6614
6615
6616
6569
6617
6618
6619
6620
6594
6621
6622
6623
6624
6577
6625
6626
6579
6627
6628
6581
6629
6630
6630
6631
6589
6632
6633
6634
6635
6588
6636
6637
6638
6639
6593
6640
6641
6642
6643
6644
6645
6646
6647
6648
6645
6649
6647
6650
6650
6651
6651
6652
6652
6604
6649
6653
6653
6654
6607
6655
6656
6656
6657
6612
6658
6611
6659
6660
6661
6659
6662
6663
6616
6664
6665
6632
6666
6665
6667
6620
6668
6669
6669
6670
6668
6671
6633
6672
6626
6673
6627
6674
6675
6676
6629
6677
6678
6679
6671
6680
6681
6682
6682
6683
6683
6684
6684
6685
6638
6686
6687
6640
6688
6689
6643
6690
6690
6691
6692
6688
6693
6648
6694
6695
6696
6697
6698
6699
6700
6701
6655
6702
6703
6704
6658
6705
6706
6707
6661
6708
6709
6663
6710
6711
6711
6712
6713
6667
6714
6715
6716
6717
6692
6718
6719
6673
6720
6721
6675
6722
6723
6677
6724
6725
6679
6726
6727
6727
6728
6687
6729
6730
6731
6732
6686
6733
6734
6735
6736
6691
6737
6738
6739
6740
6741
6742
6742
6743
6696
6744
6745
6701
6741
6746
6747
6746
6748
6748
6749
6703
6750
6751
6751
6752
6753
6754
6753
6755
6708
6756
6757
6755
6757
6756
6758
6759
6713
6760
6761
6729
6762
6761
6763
6719
6764
6718
6765
6766
6767
6730
6768
6768
6769
6724
6770
6769
6771
6772
6726
6773
6774
6775
6776
6777
6778
6779
6779
6780
6780
6781
6781
6782
6735
6783
6784
6737
6785
6786
6740
6787
6787
6788
6789
6790
6791
6745
6792
6747
6793
6794
6795
6796
6797
6750
6798
6799
6800
6754
6801
6802
6803
6804
6805
6806
6759
6807
6808
6808
6809
6810
6763
6811
6812
6765
6813
6814
6789
6815
6777
6816
6817
6818
6771
6819
6820
6773
6821
6822
6775
6823
6776
6824
6825
6784
6826
6827
6828
6829
6783
6830
6831
6832
6833
6834
6835
6836
6834
6837
6838
6798
6839
6839
6840
6840
6841
6842
6843
6841
6842
6797
6844
6844
6845
6846
6847
6800
6848
6849
6849
6850
6851
6852
6850
6853
6806
6851
6854
6855
6855
6854
6856
6857
6810
6858
6859
6826
6860
6859
6861
6816
6862
6815
6863
6864
6865
6827
6866
6866
6867
6821
6868
6867
6869
6870
6823
6871
6872
6872
6873
6865
6874
6875
6876
6876
6877
6877
6878
6878
6879
6879
6880
6880
6881
6835
6882
6883
6838
6884
6884
6885
6886
6887
6888
6889
6890
6845
6891
6892
6893
6894
6848
6895
6896
6897
6898
6899
6853
6900
6901
6902
6903
6857
6904
6905
6905
6906
6907
6861
6908
6909
6863
6910
6911
6886
6912
6913
6914
6915
6916
6917
6917
6918
6871
6919
6920
6921
6874
6922
6923
6881
6924
6925
6926
6927
6928
6929
6930
6931
6932
6931
6933
6932
6934
6935
6895
6936
6937
6938
6937
6939
6939
6940
6940
6941
6942
6943
6941
6942
6944
6945
6897
6946
6947
6901
6948
6949
6950
6950
6951
6952
6903
6953
6949
6954
6955
6955
6907
6956
6957
6924
6958
6957
6959
6913
6960
6961
6962
6961
6963
6964
6925
6965
6918
6965
6919
6966
6967
6968
6969
6921
6970
6971
6971
6972
6964
6973
6974
6975
6975
6976
6976
6977
6977
6978
6978
6979
6979
6980
6981
6982
6934
6983
6984
6963
6983
6938
6985
6986
6987
6988
6989
6990
6991
6944
6992
6993
6946
6994
6995
6948
6996
6997
6998
6999
6952
7000
7001
6954
7002
7003
7004
7005
7006
7007
6959
7008
7009
6962
7010
7011
7012
7013
7014
7015
7016
7017
7017
7018
7018
7019
6970
7020
7021
7022
6973
7023
7024
6980
7025
7026
7027
7028
7029
7030
7031
7032
6984
7033
7034
7035
7036
7037
6987
7038
7037
7039
7040
7039
7041
6991
7041
7042
7043
7044
7043
7036
7045
6996
7046
7047
7001
7048
7002
7049
7049
7050
7050
7051
7052
7053
7004
7054
7005
7055
7007
7056
7057
7025
7058
7057
7059
7060
7061
7062
7063
7060
7063
7034
7062
7061
7064
7019
7026
7020
7065
7066
7067
7068
7069
7022
7070
7071
7071
7072
7072
7073
7074
7075
7028
7076
7077
7077
7078
7078
7079
7074
7080
7033
7081
7082
7083
7082
7084
7085
7086
7040
7087
7088
7089
7090
7044
7091
7092
7093
7046
7094
7095
7048
7096
7097
7098
7099
7052
7100
7101
7054
7102
7103
7056
7104
7105
7106
7059
7107
7108
7109
7110
7111
7112
7073
7113
7114
7115
7116
7117
7068
7116
7118
7070
7114
7119
7120
7121
7122
7123
7076
7124
7125
7126
7127
7080
7128
7129
7130
7131
7084
7132
7133
7134
7135
7135
7136
7136
7137
7089
7138
7139
7091
7140
7141
7142
7141
7143
7134
7144
7096
7144
7145
7101
7146
7099
7147
7148
7148
7149
7150
7147
7151
7104
7152
7153
7154
7155
7154
7156
7157
7158
7156
7158
7159
7160
7160
7161
7162
7163
7159
7162
7161
7164
7165
7117
7166
7167
7168
7124
7169
7120
7170
7171
7171
7172
7172
7173
7157
7174
7175
7175
7176
7176
7177
7178
7179
7129
7178
7174
7131
7180
7181
7163
7182
7181
7182
7183
7184
7185
7139
7186
7140
7187
7188
7189
7190
7143
7191
7192
7193
7146
7194
7195
7196
7197
7150
7198
7199
7152
7200
7201
7155
7202
7203
7204
7173
7170
7205
7205
7206
7169
7207
7207
7208
7209
7210
7211
7212
7213
7214
7215
7215
7216
7217
7218
7219
7220
7220
7221
7221
7222
7223
7224
7188
7225
7224
7190
7226
7227
7228
7227
7229
7219
7230
7230
7231
7199
7231
7232
7233
7233
7234
7235
7236
7235
7232
7237
7202
7237
7238
7238
7239
7208
7212
7211
7240
7214
7240
7217
7241
7239
7241
7223
7226
7229
7236
)


// ************************************************************************* //
