FoamFile
{
    version     2.0;
    format      ascii;
    class       faceList;
    location    "constant/polyMesh";
    object      faces;
}

3613      
(
4(26 976 951 1)
4(27 977 952 2)
4(28 978 953 3)
4(29 979 954 4)
4(30 980 955 5)
4(31 981 956 6)
4(32 982 957 7)
4(33 983 958 8)
4(34 984 959 9)
4(35 985 960 10)
4(36 986 961 11)
4(37 987 962 12)
4(38 988 963 13)
4(39 989 964 14)
4(40 990 965 15)
4(41 991 966 16)
4(42 992 967 17)
4(43 993 968 18)
4(44 994 969 19)
4(45 995 970 20)
4(46 996 971 21)
4(47 997 972 22)
4(48 998 973 23)
4(25 975 976 26)
4(26 976 977 27)
4(51 1001 976 26)
4(27 977 978 28)
4(52 1002 977 27)
4(28 978 979 29)
4(53 1003 978 28)
4(29 979 980 30)
4(54 1004 979 29)
4(30 980 981 31)
4(55 1005 980 30)
4(31 981 982 32)
4(56 1006 981 31)
4(32 982 983 33)
4(57 1007 982 32)
4(33 983 984 34)
4(58 1008 983 33)
4(34 984 985 35)
4(59 1009 984 34)
4(35 985 986 36)
4(60 1010 985 35)
4(36 986 987 37)
4(61 1011 986 36)
4(37 987 988 38)
4(62 1012 987 37)
4(38 988 989 39)
4(63 1013 988 38)
4(39 989 990 40)
4(64 1014 989 39)
4(40 990 991 41)
4(65 1015 990 40)
4(41 991 992 42)
4(66 1016 991 41)
4(42 992 993 43)
4(67 1017 992 42)
4(43 993 994 44)
4(68 1018 993 43)
4(44 994 995 45)
4(69 1019 994 44)
4(45 995 996 46)
4(70 1020 995 45)
4(46 996 997 47)
4(71 1021 996 46)
4(47 997 998 48)
4(72 1022 997 47)
4(48 998 999 49)
4(73 1023 998 48)
4(50 1000 1001 51)
4(51 1001 1002 52)
4(76 1026 1001 51)
4(52 1002 1003 53)
4(77 1027 1002 52)
4(53 1003 1004 54)
4(78 1028 1003 53)
4(54 1004 1005 55)
4(79 1029 1004 54)
4(55 1005 1006 56)
4(80 1030 1005 55)
4(56 1006 1007 57)
4(81 1031 1006 56)
4(57 1007 1008 58)
4(82 1032 1007 57)
4(58 1008 1009 59)
4(83 1033 1008 58)
4(59 1009 1010 60)
4(84 1034 1009 59)
4(60 1010 1011 61)
4(85 1035 1010 60)
4(61 1011 1012 62)
4(86 1036 1011 61)
4(62 1012 1013 63)
4(87 1037 1012 62)
4(63 1013 1014 64)
4(88 1038 1013 63)
4(64 1014 1015 65)
4(89 1039 1014 64)
4(65 1015 1016 66)
4(90 1040 1015 65)
4(66 1016 1017 67)
4(91 1041 1016 66)
4(67 1017 1018 68)
4(92 1042 1017 67)
4(68 1018 1019 69)
4(93 1043 1018 68)
4(69 1019 1020 70)
4(94 1044 1019 69)
4(70 1020 1021 71)
4(95 1045 1020 70)
4(71 1021 1022 72)
4(96 1046 1021 71)
4(72 1022 1023 73)
4(97 1047 1022 72)
4(73 1023 1024 74)
4(98 1048 1023 73)
4(75 1025 1026 76)
4(76 1026 1027 77)
4(101 1051 1026 76)
4(77 1027 1028 78)
4(102 1052 1027 77)
4(78 1028 1029 79)
4(103 1053 1028 78)
4(79 1029 1030 80)
4(104 1054 1029 79)
4(80 1030 1031 81)
4(105 1055 1030 80)
4(81 1031 1032 82)
4(106 1056 1031 81)
4(82 1032 1033 83)
4(107 1057 1032 82)
4(83 1033 1034 84)
4(108 1058 1033 83)
4(84 1034 1035 85)
4(109 1059 1034 84)
4(85 1035 1036 86)
4(110 1060 1035 85)
4(86 1036 1037 87)
4(111 1061 1036 86)
4(87 1037 1038 88)
4(112 1062 1037 87)
4(88 1038 1039 89)
4(113 1063 1038 88)
4(89 1039 1040 90)
4(114 1064 1039 89)
4(90 1040 1041 91)
4(115 1065 1040 90)
4(91 1041 1042 92)
4(116 1066 1041 91)
4(92 1042 1043 93)
4(117 1067 1042 92)
4(93 1043 1044 94)
4(118 1068 1043 93)
4(94 1044 1045 95)
4(119 1069 1044 94)
4(95 1045 1046 96)
4(120 1070 1045 95)
4(96 1046 1047 97)
4(121 1071 1046 96)
4(97 1047 1048 98)
4(122 1072 1047 97)
4(98 1048 1049 99)
4(123 1073 1048 98)
4(100 1050 1051 101)
4(101 1051 1052 102)
4(126 1076 1051 101)
4(102 1052 1053 103)
4(127 1077 1052 102)
4(103 1053 1054 104)
4(128 1078 1053 103)
4(104 1054 1055 105)
4(129 1079 1054 104)
4(105 1055 1056 106)
4(130 1080 1055 105)
4(106 1056 1057 107)
4(131 1081 1056 106)
4(107 1057 1058 108)
4(132 1082 1057 107)
4(108 1058 1059 109)
4(133 1083 1058 108)
4(109 1059 1060 110)
4(134 1084 1059 109)
4(110 1060 1061 111)
4(135 1085 1060 110)
4(111 1061 1062 112)
4(136 1086 1061 111)
4(112 1062 1063 113)
4(137 1087 1062 112)
4(113 1063 1064 114)
4(138 1088 1063 113)
4(114 1064 1065 115)
4(139 1089 1064 114)
4(115 1065 1066 116)
4(140 1090 1065 115)
4(116 1066 1067 117)
4(141 1091 1066 116)
4(117 1067 1068 118)
4(142 1092 1067 117)
4(118 1068 1069 119)
4(143 1093 1068 118)
4(119 1069 1070 120)
4(144 1094 1069 119)
4(120 1070 1071 121)
4(145 1095 1070 120)
4(121 1071 1072 122)
4(146 1096 1071 121)
4(122 1072 1073 123)
4(147 1097 1072 122)
4(123 1073 1074 124)
4(148 1098 1073 123)
4(125 1075 1076 126)
4(126 1076 1077 127)
4(151 1101 1076 126)
4(127 1077 1078 128)
4(152 1102 1077 127)
4(128 1078 1079 129)
4(153 1103 1078 128)
4(129 1079 1080 130)
4(154 1104 1079 129)
4(130 1080 1081 131)
4(155 1105 1080 130)
4(131 1081 1082 132)
4(156 1106 1081 131)
4(132 1082 1083 133)
4(157 1107 1082 132)
4(133 1083 1084 134)
4(158 1108 1083 133)
4(134 1084 1085 135)
4(159 1109 1084 134)
4(135 1085 1086 136)
4(160 1110 1085 135)
4(136 1086 1087 137)
4(161 1111 1086 136)
4(137 1087 1088 138)
4(162 1112 1087 137)
4(138 1088 1089 139)
4(163 1113 1088 138)
4(139 1089 1090 140)
4(164 1114 1089 139)
4(140 1090 1091 141)
4(165 1115 1090 140)
4(141 1091 1092 142)
4(166 1116 1091 141)
4(142 1092 1093 143)
4(167 1117 1092 142)
4(143 1093 1094 144)
4(168 1118 1093 143)
4(144 1094 1095 145)
4(169 1119 1094 144)
4(145 1095 1096 146)
4(170 1120 1095 145)
4(146 1096 1097 147)
4(171 1121 1096 146)
4(147 1097 1098 148)
4(172 1122 1097 147)
4(148 1098 1099 149)
4(173 1123 1098 148)
4(150 1100 1101 151)
4(151 1101 1102 152)
4(176 1126 1101 151)
4(152 1102 1103 153)
4(177 1127 1102 152)
4(153 1103 1104 154)
4(178 1128 1103 153)
4(154 1104 1105 155)
4(179 1129 1104 154)
4(155 1105 1106 156)
4(180 1130 1105 155)
4(156 1106 1107 157)
4(181 1131 1106 156)
4(157 1107 1108 158)
4(182 1132 1107 157)
4(158 1108 1109 159)
4(183 1133 1108 158)
4(159 1109 1110 160)
4(184 1134 1109 159)
4(160 1110 1111 161)
4(185 1135 1110 160)
4(161 1111 1112 162)
4(186 1136 1111 161)
4(162 1112 1113 163)
4(187 1137 1112 162)
4(163 1113 1114 164)
4(188 1138 1113 163)
4(164 1114 1115 165)
4(189 1139 1114 164)
4(165 1115 1116 166)
4(190 1140 1115 165)
4(166 1116 1117 167)
4(191 1141 1116 166)
4(167 1117 1118 168)
4(192 1142 1117 167)
4(168 1118 1119 169)
4(193 1143 1118 168)
4(169 1119 1120 170)
4(194 1144 1119 169)
4(170 1120 1121 171)
4(195 1145 1120 170)
4(171 1121 1122 172)
4(196 1146 1121 171)
4(172 1122 1123 173)
4(197 1147 1122 172)
4(173 1123 1124 174)
4(198 1148 1123 173)
4(175 1125 1126 176)
4(176 1126 1127 177)
4(201 1151 1126 176)
4(177 1127 1128 178)
4(202 1152 1127 177)
4(178 1128 1129 179)
4(203 1153 1128 178)
4(179 1129 1130 180)
4(204 1154 1129 179)
4(180 1130 1131 181)
4(205 1155 1130 180)
4(181 1131 1132 182)
4(206 1156 1131 181)
4(182 1132 1133 183)
4(207 1157 1132 182)
4(183 1133 1134 184)
4(208 1158 1133 183)
4(184 1134 1135 185)
4(209 1159 1134 184)
4(185 1135 1136 186)
4(210 1160 1135 185)
4(186 1136 1137 187)
4(211 1161 1136 186)
4(187 1137 1138 188)
4(212 1162 1137 187)
4(188 1138 1139 189)
4(213 1163 1138 188)
4(189 1139 1140 190)
4(214 1164 1139 189)
4(190 1140 1141 191)
4(215 1165 1140 190)
4(191 1141 1142 192)
4(216 1166 1141 191)
4(192 1142 1143 193)
4(217 1167 1142 192)
4(193 1143 1144 194)
4(218 1168 1143 193)
4(194 1144 1145 195)
4(219 1169 1144 194)
4(195 1145 1146 196)
4(220 1170 1145 195)
4(196 1146 1147 197)
4(221 1171 1146 196)
4(197 1147 1148 198)
4(222 1172 1147 197)
4(198 1148 1149 199)
4(223 1173 1148 198)
4(200 1150 1151 201)
4(201 1151 1152 202)
4(226 1176 1151 201)
4(202 1152 1153 203)
4(227 1177 1152 202)
4(203 1153 1154 204)
4(228 1178 1153 203)
4(204 1154 1155 205)
4(229 1179 1154 204)
4(205 1155 1156 206)
4(230 1180 1155 205)
4(206 1156 1157 207)
4(231 1181 1156 206)
4(207 1157 1158 208)
4(232 1182 1157 207)
4(208 1158 1159 209)
4(233 1183 1158 208)
4(209 1159 1160 210)
4(234 1184 1159 209)
4(210 1160 1161 211)
4(235 1185 1160 210)
4(211 1161 1162 212)
4(236 1186 1161 211)
4(212 1162 1163 213)
4(237 1187 1162 212)
4(213 1163 1164 214)
4(238 1188 1163 213)
4(214 1164 1165 215)
4(239 1189 1164 214)
4(215 1165 1166 216)
4(240 1190 1165 215)
4(216 1166 1167 217)
4(241 1191 1166 216)
4(217 1167 1168 218)
4(242 1192 1167 217)
4(218 1168 1169 219)
4(243 1193 1168 218)
4(219 1169 1170 220)
4(244 1194 1169 219)
4(220 1170 1171 221)
4(245 1195 1170 220)
4(221 1171 1172 222)
4(246 1196 1171 221)
4(222 1172 1173 223)
4(247 1197 1172 222)
4(223 1173 1174 224)
4(248 1198 1173 223)
4(225 1175 1176 226)
4(226 1176 1177 227)
4(251 1201 1176 226)
4(227 1177 1178 228)
4(252 1202 1177 227)
4(228 1178 1179 229)
4(253 1203 1178 228)
4(229 1179 1180 230)
4(254 1204 1179 229)
4(230 1180 1181 231)
4(255 1205 1180 230)
4(231 1181 1182 232)
4(256 1206 1181 231)
4(232 1182 1183 233)
4(257 1207 1182 232)
4(233 1183 1184 234)
4(258 1208 1183 233)
4(234 1184 1185 235)
4(259 1209 1184 234)
4(235 1185 1186 236)
4(260 1210 1185 235)
4(236 1186 1187 237)
4(261 1211 1186 236)
4(237 1187 1188 238)
4(262 1212 1187 237)
4(238 1188 1189 239)
4(263 1213 1188 238)
4(239 1189 1190 240)
4(264 1214 1189 239)
4(240 1190 1191 241)
4(265 1215 1190 240)
4(241 1191 1192 242)
4(266 1216 1191 241)
4(242 1192 1193 243)
4(267 1217 1192 242)
4(243 1193 1194 244)
4(268 1218 1193 243)
4(244 1194 1195 245)
4(269 1219 1194 244)
4(245 1195 1196 246)
4(270 1220 1195 245)
4(246 1196 1197 247)
4(271 1221 1196 246)
4(247 1197 1198 248)
4(272 1222 1197 247)
4(248 1198 1199 249)
4(273 1223 1198 248)
4(250 1200 1201 251)
4(251 1201 1202 252)
4(276 1226 1201 251)
4(252 1202 1203 253)
4(277 1227 1202 252)
4(253 1203 1204 254)
4(278 1228 1203 253)
4(254 1204 1205 255)
4(279 1229 1204 254)
4(255 1205 1206 256)
4(280 1230 1205 255)
4(256 1206 1207 257)
4(281 1231 1206 256)
4(257 1207 1208 258)
4(282 1232 1207 257)
4(258 1208 1209 259)
4(283 1233 1208 258)
4(259 1209 1210 260)
4(284 1234 1209 259)
4(260 1210 1211 261)
4(285 1235 1210 260)
4(261 1211 1212 262)
4(286 1236 1211 261)
4(262 1212 1213 263)
4(287 1237 1212 262)
4(263 1213 1214 264)
4(288 1238 1213 263)
4(264 1214 1215 265)
4(289 1239 1214 264)
4(265 1215 1216 266)
4(290 1240 1215 265)
4(266 1216 1217 267)
4(291 1241 1216 266)
4(267 1217 1218 268)
4(292 1242 1217 267)
4(268 1218 1219 269)
4(293 1243 1218 268)
4(269 1219 1220 270)
4(294 1244 1219 269)
4(270 1220 1221 271)
4(295 1245 1220 270)
4(271 1221 1222 272)
4(296 1246 1221 271)
4(272 1222 1223 273)
4(297 1247 1222 272)
4(273 1223 1224 274)
4(298 1248 1223 273)
4(275 1225 1226 276)
4(276 1226 1227 277)
4(301 1251 1226 276)
4(277 1227 1228 278)
4(302 1252 1227 277)
4(278 1228 1229 279)
4(303 1253 1228 278)
4(279 1229 1230 280)
4(304 1254 1229 279)
4(280 1230 1231 281)
4(305 1255 1230 280)
4(281 1231 1232 282)
4(306 1256 1231 281)
4(282 1232 1233 283)
4(307 1257 1232 282)
4(283 1233 1234 284)
4(308 1258 1233 283)
4(284 1234 1235 285)
4(309 1259 1234 284)
4(285 1235 1236 286)
4(310 1260 1235 285)
4(286 1236 1237 287)
4(311 1261 1236 286)
4(287 1237 1238 288)
4(312 1262 1237 287)
4(288 1238 1239 289)
4(313 1263 1238 288)
4(289 1239 1240 290)
4(314 1264 1239 289)
4(290 1240 1241 291)
4(315 1265 1240 290)
4(291 1241 1242 292)
4(316 1266 1241 291)
4(292 1242 1243 293)
4(317 1267 1242 292)
4(293 1243 1244 294)
4(318 1268 1243 293)
4(294 1244 1245 295)
4(319 1269 1244 294)
4(295 1245 1246 296)
4(320 1270 1245 295)
4(296 1246 1247 297)
4(321 1271 1246 296)
4(297 1247 1248 298)
4(322 1272 1247 297)
4(298 1248 1249 299)
4(323 1273 1248 298)
4(300 1250 1251 301)
4(301 1251 1252 302)
4(326 1276 1251 301)
4(302 1252 1253 303)
4(327 1277 1252 302)
4(303 1253 1254 304)
4(328 1278 1253 303)
4(304 1254 1255 305)
4(329 1279 1254 304)
4(305 1255 1256 306)
4(330 1280 1255 305)
4(306 1256 1257 307)
4(331 1281 1256 306)
4(307 1257 1258 308)
4(332 1282 1257 307)
4(308 1258 1259 309)
4(333 1283 1258 308)
4(309 1259 1260 310)
4(334 1284 1259 309)
4(310 1260 1261 311)
4(335 1285 1260 310)
4(311 1261 1262 312)
4(336 1286 1261 311)
4(312 1262 1263 313)
4(337 1287 1262 312)
4(313 1263 1264 314)
4(338 1288 1263 313)
4(314 1264 1265 315)
4(339 1289 1264 314)
4(315 1265 1266 316)
4(340 1290 1265 315)
4(316 1266 1267 317)
4(341 1291 1266 316)
4(317 1267 1268 318)
4(342 1292 1267 317)
4(318 1268 1269 319)
4(343 1293 1268 318)
4(319 1269 1270 320)
4(344 1294 1269 319)
4(320 1270 1271 321)
4(345 1295 1270 320)
4(321 1271 1272 322)
4(346 1296 1271 321)
4(322 1272 1273 323)
4(347 1297 1272 322)
4(323 1273 1274 324)
4(348 1298 1273 323)
4(325 1275 1276 326)
4(326 1276 1277 327)
4(351 1301 1276 326)
4(327 1277 1278 328)
4(352 1302 1277 327)
4(328 1278 1279 329)
4(353 1303 1278 328)
4(329 1279 1280 330)
4(354 1304 1279 329)
4(330 1280 1281 331)
4(355 1305 1280 330)
4(331 1281 1282 332)
4(356 1306 1281 331)
4(332 1282 1283 333)
4(357 1307 1282 332)
4(333 1283 1284 334)
4(358 1308 1283 333)
4(334 1284 1285 335)
4(359 1309 1284 334)
4(335 1285 1286 336)
4(360 1310 1285 335)
4(336 1286 1287 337)
4(361 1311 1286 336)
4(337 1287 1288 338)
4(362 1312 1287 337)
4(338 1288 1289 339)
4(363 1313 1288 338)
4(339 1289 1290 340)
4(364 1314 1289 339)
4(340 1290 1291 341)
4(365 1315 1290 340)
4(341 1291 1292 342)
4(366 1316 1291 341)
4(342 1292 1293 343)
4(367 1317 1292 342)
4(343 1293 1294 344)
4(368 1318 1293 343)
4(344 1294 1295 345)
4(369 1319 1294 344)
4(345 1295 1296 346)
4(370 1320 1295 345)
4(346 1296 1297 347)
4(371 1321 1296 346)
4(347 1297 1298 348)
4(372 1322 1297 347)
4(348 1298 1299 349)
4(373 1323 1298 348)
4(350 1300 1301 351)
4(351 1301 1302 352)
4(376 1326 1301 351)
4(352 1302 1303 353)
4(377 1327 1302 352)
4(353 1303 1304 354)
4(378 1328 1303 353)
4(354 1304 1305 355)
4(379 1329 1304 354)
4(355 1305 1306 356)
4(380 1330 1305 355)
4(356 1306 1307 357)
4(381 1331 1306 356)
4(357 1307 1308 358)
4(382 1332 1307 357)
4(358 1308 1309 359)
4(383 1333 1308 358)
4(359 1309 1310 360)
4(384 1334 1309 359)
4(360 1310 1311 361)
4(385 1335 1310 360)
4(361 1311 1312 362)
4(386 1336 1311 361)
4(362 1312 1313 363)
4(387 1337 1312 362)
4(363 1313 1314 364)
4(388 1338 1313 363)
4(364 1314 1315 365)
4(389 1339 1314 364)
4(365 1315 1316 366)
4(390 1340 1315 365)
4(366 1316 1317 367)
4(391 1341 1316 366)
4(367 1317 1318 368)
4(392 1342 1317 367)
4(368 1318 1319 369)
4(393 1343 1318 368)
4(369 1319 1320 370)
4(394 1344 1319 369)
4(370 1320 1321 371)
4(395 1345 1320 370)
4(371 1321 1322 372)
4(396 1346 1321 371)
4(372 1322 1323 373)
4(397 1347 1322 372)
4(373 1323 1324 374)
4(398 1348 1323 373)
4(375 1325 1326 376)
4(376 1326 1327 377)
4(401 1351 1326 376)
4(377 1327 1328 378)
4(402 1352 1327 377)
4(378 1328 1329 379)
4(403 1353 1328 378)
4(379 1329 1330 380)
4(404 1354 1329 379)
4(380 1330 1331 381)
4(405 1355 1330 380)
4(381 1331 1332 382)
4(406 1356 1331 381)
4(382 1332 1333 383)
4(407 1357 1332 382)
4(383 1333 1334 384)
4(408 1358 1333 383)
4(384 1334 1335 385)
4(409 1359 1334 384)
4(385 1335 1336 386)
4(410 1360 1335 385)
4(386 1336 1337 387)
4(411 1361 1336 386)
4(387 1337 1338 388)
4(412 1362 1337 387)
4(388 1338 1339 389)
4(413 1363 1338 388)
4(389 1339 1340 390)
4(414 1364 1339 389)
4(390 1340 1341 391)
4(415 1365 1340 390)
4(391 1341 1342 392)
4(416 1366 1341 391)
4(392 1342 1343 393)
4(417 1367 1342 392)
4(393 1343 1344 394)
4(418 1368 1343 393)
4(394 1344 1345 395)
4(419 1369 1344 394)
4(395 1345 1346 396)
4(420 1370 1345 395)
4(396 1346 1347 397)
4(421 1371 1346 396)
4(397 1347 1348 398)
4(422 1372 1347 397)
4(398 1348 1349 399)
4(423 1373 1348 398)
4(400 1350 1351 401)
4(401 1351 1352 402)
4(426 1376 1351 401)
4(402 1352 1353 403)
4(427 1377 1352 402)
4(403 1353 1354 404)
4(428 1378 1353 403)
4(404 1354 1355 405)
4(429 1379 1354 404)
4(405 1355 1356 406)
4(430 1380 1355 405)
4(406 1356 1357 407)
4(431 1381 1356 406)
4(407 1357 1358 408)
4(432 1382 1357 407)
4(408 1358 1359 409)
4(433 1383 1358 408)
4(409 1359 1360 410)
4(434 1384 1359 409)
4(410 1360 1361 411)
4(435 1385 1360 410)
4(411 1361 1362 412)
4(436 1386 1361 411)
4(412 1362 1363 413)
4(437 1387 1362 412)
4(413 1363 1364 414)
4(438 1388 1363 413)
4(414 1364 1365 415)
4(439 1389 1364 414)
4(415 1365 1366 416)
4(440 1390 1365 415)
4(416 1366 1367 417)
4(441 1391 1366 416)
4(417 1367 1368 418)
4(442 1392 1367 417)
4(418 1368 1369 419)
4(443 1393 1368 418)
4(419 1369 1370 420)
4(444 1394 1369 419)
4(420 1370 1371 421)
4(445 1395 1370 420)
4(421 1371 1372 422)
4(446 1396 1371 421)
4(422 1372 1373 423)
4(447 1397 1372 422)
4(423 1373 1374 424)
4(448 1398 1373 423)
4(425 1375 1376 426)
4(426 1376 1377 427)
4(451 1401 1376 426)
4(427 1377 1378 428)
4(452 1402 1377 427)
4(428 1378 1379 429)
4(453 1403 1378 428)
4(429 1379 1380 430)
4(454 1404 1379 429)
4(430 1380 1381 431)
4(455 1405 1380 430)
4(431 1381 1382 432)
4(456 1406 1381 431)
4(432 1382 1383 433)
4(457 1407 1382 432)
4(433 1383 1384 434)
4(458 1408 1383 433)
4(434 1384 1385 435)
4(459 1409 1384 434)
4(435 1385 1386 436)
4(460 1410 1385 435)
4(436 1386 1387 437)
4(461 1411 1386 436)
4(437 1387 1388 438)
4(462 1412 1387 437)
4(438 1388 1389 439)
4(463 1413 1388 438)
4(439 1389 1390 440)
4(464 1414 1389 439)
4(440 1390 1391 441)
4(465 1415 1390 440)
4(441 1391 1392 442)
4(466 1416 1391 441)
4(442 1392 1393 443)
4(467 1417 1392 442)
4(443 1393 1394 444)
4(468 1418 1393 443)
4(444 1394 1395 445)
4(469 1419 1394 444)
4(445 1395 1396 446)
4(470 1420 1395 445)
4(446 1396 1397 447)
4(471 1421 1396 446)
4(447 1397 1398 448)
4(472 1422 1397 447)
4(448 1398 1399 449)
4(473 1423 1398 448)
4(450 1400 1401 451)
4(451 1401 1402 452)
4(476 1426 1401 451)
4(452 1402 1403 453)
4(477 1427 1402 452)
4(453 1403 1404 454)
4(478 1428 1403 453)
4(454 1404 1405 455)
4(479 1429 1404 454)
4(455 1405 1406 456)
4(480 1430 1405 455)
4(456 1406 1407 457)
4(481 1431 1406 456)
4(457 1407 1408 458)
4(482 1432 1407 457)
4(458 1408 1409 459)
4(483 1433 1408 458)
4(459 1409 1410 460)
4(484 1434 1409 459)
4(460 1410 1411 461)
4(485 1435 1410 460)
4(461 1411 1412 462)
4(486 1436 1411 461)
4(462 1412 1413 463)
4(487 1437 1412 462)
4(463 1413 1414 464)
4(488 1438 1413 463)
4(464 1414 1415 465)
4(489 1439 1414 464)
4(465 1415 1416 466)
4(490 1440 1415 465)
4(466 1416 1417 467)
4(491 1441 1416 466)
4(467 1417 1418 468)
4(492 1442 1417 467)
4(468 1418 1419 469)
4(493 1443 1418 468)
4(469 1419 1420 470)
4(494 1444 1419 469)
4(470 1420 1421 471)
4(495 1445 1420 470)
4(471 1421 1422 472)
4(496 1446 1421 471)
4(472 1422 1423 473)
4(497 1447 1422 472)
4(473 1423 1424 474)
4(498 1448 1423 473)
4(475 1425 1426 476)
4(476 1426 1427 477)
4(501 1451 1426 476)
4(477 1427 1428 478)
4(502 1452 1427 477)
4(478 1428 1429 479)
4(503 1453 1428 478)
4(479 1429 1430 480)
4(504 1454 1429 479)
4(480 1430 1431 481)
4(505 1455 1430 480)
4(481 1431 1432 482)
4(506 1456 1431 481)
4(482 1432 1433 483)
4(507 1457 1432 482)
4(483 1433 1434 484)
4(508 1458 1433 483)
4(484 1434 1435 485)
4(509 1459 1434 484)
4(485 1435 1436 486)
4(510 1460 1435 485)
4(486 1436 1437 487)
4(511 1461 1436 486)
4(487 1437 1438 488)
4(512 1462 1437 487)
4(488 1438 1439 489)
4(513 1463 1438 488)
4(489 1439 1440 490)
4(514 1464 1439 489)
4(490 1440 1441 491)
4(515 1465 1440 490)
4(491 1441 1442 492)
4(516 1466 1441 491)
4(492 1442 1443 493)
4(517 1467 1442 492)
4(493 1443 1444 494)
4(518 1468 1443 493)
4(494 1444 1445 495)
4(519 1469 1444 494)
4(495 1445 1446 496)
4(520 1470 1445 495)
4(496 1446 1447 497)
4(521 1471 1446 496)
4(497 1447 1448 498)
4(522 1472 1447 497)
4(498 1448 1449 499)
4(523 1473 1448 498)
4(500 1450 1451 501)
4(501 1451 1452 502)
4(526 1476 1451 501)
4(502 1452 1453 503)
4(527 1477 1452 502)
4(503 1453 1454 504)
4(528 1478 1453 503)
4(504 1454 1455 505)
4(529 1479 1454 504)
4(505 1455 1456 506)
4(530 1480 1455 505)
4(506 1456 1457 507)
4(531 1481 1456 506)
4(507 1457 1458 508)
4(532 1482 1457 507)
4(508 1458 1459 509)
4(533 1483 1458 508)
4(509 1459 1460 510)
4(534 1484 1459 509)
4(510 1460 1461 511)
4(535 1485 1460 510)
4(511 1461 1462 512)
4(536 1486 1461 511)
4(512 1462 1463 513)
4(537 1487 1462 512)
4(513 1463 1464 514)
4(538 1488 1463 513)
4(514 1464 1465 515)
4(539 1489 1464 514)
4(515 1465 1466 516)
4(540 1490 1465 515)
4(516 1466 1467 517)
4(541 1491 1466 516)
4(517 1467 1468 518)
4(542 1492 1467 517)
4(518 1468 1469 519)
4(543 1493 1468 518)
4(519 1469 1470 520)
4(544 1494 1469 519)
4(520 1470 1471 521)
4(545 1495 1470 520)
4(521 1471 1472 522)
4(546 1496 1471 521)
4(522 1472 1473 523)
4(547 1497 1472 522)
4(523 1473 1474 524)
4(548 1498 1473 523)
4(525 1475 1476 526)
4(526 1476 1477 527)
4(551 1501 1476 526)
4(527 1477 1478 528)
4(552 1502 1477 527)
4(528 1478 1479 529)
4(553 1503 1478 528)
4(529 1479 1480 530)
4(554 1504 1479 529)
4(530 1480 1481 531)
4(555 1505 1480 530)
4(531 1481 1482 532)
4(556 1506 1481 531)
4(532 1482 1483 533)
4(557 1507 1482 532)
4(533 1483 1484 534)
4(558 1508 1483 533)
4(534 1484 1485 535)
4(559 1509 1484 534)
4(535 1485 1486 536)
4(560 1510 1485 535)
4(536 1486 1487 537)
4(561 1511 1486 536)
4(537 1487 1488 538)
4(562 1512 1487 537)
4(538 1488 1489 539)
4(563 1513 1488 538)
4(539 1489 1490 540)
4(564 1514 1489 539)
4(540 1490 1491 541)
4(565 1515 1490 540)
4(541 1491 1492 542)
4(566 1516 1491 541)
4(542 1492 1493 543)
4(567 1517 1492 542)
4(543 1493 1494 544)
4(568 1518 1493 543)
4(544 1494 1495 545)
4(569 1519 1494 544)
4(545 1495 1496 546)
4(570 1520 1495 545)
4(546 1496 1497 547)
4(571 1521 1496 546)
4(547 1497 1498 548)
4(572 1522 1497 547)
4(548 1498 1499 549)
4(573 1523 1498 548)
4(550 1500 1501 551)
4(551 1501 1502 552)
4(576 1526 1501 551)
4(552 1502 1503 553)
4(577 1527 1502 552)
4(553 1503 1504 554)
4(578 1528 1503 553)
4(554 1504 1505 555)
4(579 1529 1504 554)
4(555 1505 1506 556)
4(580 1530 1505 555)
4(556 1506 1507 557)
4(581 1531 1506 556)
4(557 1507 1508 558)
4(582 1532 1507 557)
4(558 1508 1509 559)
4(583 1533 1508 558)
4(559 1509 1510 560)
4(584 1534 1509 559)
4(560 1510 1511 561)
4(585 1535 1510 560)
4(561 1511 1512 562)
4(586 1536 1511 561)
4(562 1512 1513 563)
4(587 1537 1512 562)
4(563 1513 1514 564)
4(588 1538 1513 563)
4(564 1514 1515 565)
4(589 1539 1514 564)
4(565 1515 1516 566)
4(590 1540 1515 565)
4(566 1516 1517 567)
4(591 1541 1516 566)
4(567 1517 1518 568)
4(592 1542 1517 567)
4(568 1518 1519 569)
4(593 1543 1518 568)
4(569 1519 1520 570)
4(594 1544 1519 569)
4(570 1520 1521 571)
4(595 1545 1520 570)
4(571 1521 1522 572)
4(596 1546 1521 571)
4(572 1522 1523 573)
4(597 1547 1522 572)
4(573 1523 1524 574)
4(598 1548 1523 573)
4(575 1525 1526 576)
4(576 1526 1527 577)
4(601 1551 1526 576)
4(577 1527 1528 578)
4(602 1552 1527 577)
4(578 1528 1529 579)
4(603 1553 1528 578)
4(579 1529 1530 580)
4(604 1554 1529 579)
4(580 1530 1531 581)
4(605 1555 1530 580)
4(581 1531 1532 582)
4(606 1556 1531 581)
4(582 1532 1533 583)
4(607 1557 1532 582)
4(583 1533 1534 584)
4(608 1558 1533 583)
4(584 1534 1535 585)
4(609 1559 1534 584)
4(585 1535 1536 586)
4(610 1560 1535 585)
4(586 1536 1537 587)
4(611 1561 1536 586)
4(587 1537 1538 588)
4(612 1562 1537 587)
4(588 1538 1539 589)
4(613 1563 1538 588)
4(589 1539 1540 590)
4(614 1564 1539 589)
4(590 1540 1541 591)
4(615 1565 1540 590)
4(591 1541 1542 592)
4(616 1566 1541 591)
4(592 1542 1543 593)
4(617 1567 1542 592)
4(593 1543 1544 594)
4(618 1568 1543 593)
4(594 1544 1545 595)
4(619 1569 1544 594)
4(595 1545 1546 596)
4(620 1570 1545 595)
4(596 1546 1547 597)
4(621 1571 1546 596)
4(597 1547 1548 598)
4(622 1572 1547 597)
4(598 1548 1549 599)
4(623 1573 1548 598)
4(600 1550 1551 601)
4(601 1551 1552 602)
4(626 1576 1551 601)
4(602 1552 1553 603)
4(627 1577 1552 602)
4(603 1553 1554 604)
4(628 1578 1553 603)
4(604 1554 1555 605)
4(629 1579 1554 604)
4(605 1555 1556 606)
4(630 1580 1555 605)
4(606 1556 1557 607)
4(631 1581 1556 606)
4(607 1557 1558 608)
4(632 1582 1557 607)
4(608 1558 1559 609)
4(633 1583 1558 608)
4(609 1559 1560 610)
4(634 1584 1559 609)
4(610 1560 1561 611)
4(635 1585 1560 610)
4(611 1561 1562 612)
4(636 1586 1561 611)
4(612 1562 1563 613)
4(637 1587 1562 612)
4(613 1563 1564 614)
4(638 1588 1563 613)
4(614 1564 1565 615)
4(639 1589 1564 614)
4(615 1565 1566 616)
4(640 1590 1565 615)
4(616 1566 1567 617)
4(641 1591 1566 616)
4(617 1567 1568 618)
4(642 1592 1567 617)
4(618 1568 1569 619)
4(643 1593 1568 618)
4(619 1569 1570 620)
4(644 1594 1569 619)
4(620 1570 1571 621)
4(645 1595 1570 620)
4(621 1571 1572 622)
4(646 1596 1571 621)
4(622 1572 1573 623)
4(647 1597 1572 622)
4(623 1573 1574 624)
4(648 1598 1573 623)
4(625 1575 1576 626)
4(626 1576 1577 627)
4(651 1601 1576 626)
4(627 1577 1578 628)
4(652 1602 1577 627)
4(628 1578 1579 629)
4(653 1603 1578 628)
4(629 1579 1580 630)
4(654 1604 1579 629)
4(630 1580 1581 631)
4(655 1605 1580 630)
4(631 1581 1582 632)
4(656 1606 1581 631)
4(632 1582 1583 633)
4(657 1607 1582 632)
4(633 1583 1584 634)
4(658 1608 1583 633)
4(634 1584 1585 635)
4(659 1609 1584 634)
4(635 1585 1586 636)
4(660 1610 1585 635)
4(636 1586 1587 637)
4(661 1611 1586 636)
4(637 1587 1588 638)
4(662 1612 1587 637)
4(638 1588 1589 639)
4(663 1613 1588 638)
4(639 1589 1590 640)
4(664 1614 1589 639)
4(640 1590 1591 641)
4(665 1615 1590 640)
4(641 1591 1592 642)
4(666 1616 1591 641)
4(642 1592 1593 643)
4(667 1617 1592 642)
4(643 1593 1594 644)
4(668 1618 1593 643)
4(644 1594 1595 645)
4(669 1619 1594 644)
4(645 1595 1596 646)
4(670 1620 1595 645)
4(646 1596 1597 647)
4(671 1621 1596 646)
4(647 1597 1598 648)
4(672 1622 1597 647)
4(648 1598 1599 649)
4(673 1623 1598 648)
4(650 1600 1601 651)
4(651 1601 1602 652)
4(676 1626 1601 651)
4(652 1602 1603 653)
4(677 1627 1602 652)
4(653 1603 1604 654)
4(678 1628 1603 653)
4(654 1604 1605 655)
4(679 1629 1604 654)
4(655 1605 1606 656)
4(680 1630 1605 655)
4(656 1606 1607 657)
4(681 1631 1606 656)
4(657 1607 1608 658)
4(682 1632 1607 657)
4(658 1608 1609 659)
4(683 1633 1608 658)
4(659 1609 1610 660)
4(684 1634 1609 659)
4(660 1610 1611 661)
4(685 1635 1610 660)
4(661 1611 1612 662)
4(686 1636 1611 661)
4(662 1612 1613 663)
4(687 1637 1612 662)
4(663 1613 1614 664)
4(688 1638 1613 663)
4(664 1614 1615 665)
4(689 1639 1614 664)
4(665 1615 1616 666)
4(690 1640 1615 665)
4(666 1616 1617 667)
4(691 1641 1616 666)
4(667 1617 1618 668)
4(692 1642 1617 667)
4(668 1618 1619 669)
4(693 1643 1618 668)
4(669 1619 1620 670)
4(694 1644 1619 669)
4(670 1620 1621 671)
4(695 1645 1620 670)
4(671 1621 1622 672)
4(696 1646 1621 671)
4(672 1622 1623 673)
4(697 1647 1622 672)
4(673 1623 1624 674)
4(698 1648 1623 673)
4(675 1625 1626 676)
4(676 1626 1627 677)
4(701 1651 1626 676)
4(677 1627 1628 678)
4(702 1652 1627 677)
4(678 1628 1629 679)
4(703 1653 1628 678)
4(679 1629 1630 680)
4(704 1654 1629 679)
4(680 1630 1631 681)
4(705 1655 1630 680)
4(681 1631 1632 682)
4(706 1656 1631 681)
4(682 1632 1633 683)
4(707 1657 1632 682)
4(683 1633 1634 684)
4(708 1658 1633 683)
4(684 1634 1635 685)
4(709 1659 1634 684)
4(685 1635 1636 686)
4(710 1660 1635 685)
4(686 1636 1637 687)
4(711 1661 1636 686)
4(687 1637 1638 688)
4(712 1662 1637 687)
4(688 1638 1639 689)
4(713 1663 1638 688)
4(689 1639 1640 690)
4(714 1664 1639 689)
4(690 1640 1641 691)
4(715 1665 1640 690)
4(691 1641 1642 692)
4(716 1666 1641 691)
4(692 1642 1643 693)
4(717 1667 1642 692)
4(693 1643 1644 694)
4(718 1668 1643 693)
4(694 1644 1645 695)
4(719 1669 1644 694)
4(695 1645 1646 696)
4(720 1670 1645 695)
4(696 1646 1647 697)
4(721 1671 1646 696)
4(697 1647 1648 698)
4(722 1672 1647 697)
4(698 1648 1649 699)
4(723 1673 1648 698)
4(700 1650 1651 701)
4(701 1651 1652 702)
4(726 1676 1651 701)
4(702 1652 1653 703)
4(727 1677 1652 702)
4(703 1653 1654 704)
4(728 1678 1653 703)
4(704 1654 1655 705)
4(729 1679 1654 704)
4(705 1655 1656 706)
4(730 1680 1655 705)
4(706 1656 1657 707)
4(731 1681 1656 706)
4(707 1657 1658 708)
4(732 1682 1657 707)
4(708 1658 1659 709)
4(733 1683 1658 708)
4(709 1659 1660 710)
4(734 1684 1659 709)
4(710 1660 1661 711)
4(735 1685 1660 710)
4(711 1661 1662 712)
4(736 1686 1661 711)
4(712 1662 1663 713)
4(737 1687 1662 712)
4(713 1663 1664 714)
4(738 1688 1663 713)
4(714 1664 1665 715)
4(739 1689 1664 714)
4(715 1665 1666 716)
4(740 1690 1665 715)
4(716 1666 1667 717)
4(741 1691 1666 716)
4(717 1667 1668 718)
4(742 1692 1667 717)
4(718 1668 1669 719)
4(743 1693 1668 718)
4(719 1669 1670 720)
4(744 1694 1669 719)
4(720 1670 1671 721)
4(745 1695 1670 720)
4(721 1671 1672 722)
4(746 1696 1671 721)
4(722 1672 1673 723)
4(747 1697 1672 722)
4(723 1673 1674 724)
4(748 1698 1673 723)
4(725 1675 1676 726)
4(726 1676 1677 727)
4(751 1701 1676 726)
4(727 1677 1678 728)
4(752 1702 1677 727)
4(728 1678 1679 729)
4(753 1703 1678 728)
4(729 1679 1680 730)
4(754 1704 1679 729)
4(730 1680 1681 731)
4(755 1705 1680 730)
4(731 1681 1682 732)
4(756 1706 1681 731)
4(732 1682 1683 733)
4(757 1707 1682 732)
4(733 1683 1684 734)
4(758 1708 1683 733)
4(734 1684 1685 735)
4(759 1709 1684 734)
4(735 1685 1686 736)
4(760 1710 1685 735)
4(736 1686 1687 737)
4(761 1711 1686 736)
4(737 1687 1688 738)
4(762 1712 1687 737)
4(738 1688 1689 739)
4(763 1713 1688 738)
4(739 1689 1690 740)
4(764 1714 1689 739)
4(740 1690 1691 741)
4(765 1715 1690 740)
4(741 1691 1692 742)
4(766 1716 1691 741)
4(742 1692 1693 743)
4(767 1717 1692 742)
4(743 1693 1694 744)
4(768 1718 1693 743)
4(744 1694 1695 745)
4(769 1719 1694 744)
4(745 1695 1696 746)
4(770 1720 1695 745)
4(746 1696 1697 747)
4(771 1721 1696 746)
4(747 1697 1698 748)
4(772 1722 1697 747)
4(748 1698 1699 749)
4(773 1723 1698 748)
4(750 1700 1701 751)
4(751 1701 1702 752)
4(776 1726 1701 751)
4(752 1702 1703 753)
4(777 1727 1702 752)
4(753 1703 1704 754)
4(778 1728 1703 753)
4(754 1704 1705 755)
4(779 1729 1704 754)
4(755 1705 1706 756)
4(780 1730 1705 755)
4(756 1706 1707 757)
4(781 1731 1706 756)
4(757 1707 1708 758)
4(782 1732 1707 757)
4(758 1708 1709 759)
4(783 1733 1708 758)
4(759 1709 1710 760)
4(784 1734 1709 759)
4(760 1710 1711 761)
4(785 1735 1710 760)
4(761 1711 1712 762)
4(786 1736 1711 761)
4(762 1712 1713 763)
4(787 1737 1712 762)
4(763 1713 1714 764)
4(788 1738 1713 763)
4(764 1714 1715 765)
4(789 1739 1714 764)
4(765 1715 1716 766)
4(790 1740 1715 765)
4(766 1716 1717 767)
4(791 1741 1716 766)
4(767 1717 1718 768)
4(792 1742 1717 767)
4(768 1718 1719 769)
4(793 1743 1718 768)
4(769 1719 1720 770)
4(794 1744 1719 769)
4(770 1720 1721 771)
4(795 1745 1720 770)
4(771 1721 1722 772)
4(796 1746 1721 771)
4(772 1722 1723 773)
4(797 1747 1722 772)
4(773 1723 1724 774)
4(798 1748 1723 773)
4(775 1725 1726 776)
4(776 1726 1727 777)
4(801 1751 1726 776)
4(777 1727 1728 778)
4(802 1752 1727 777)
4(778 1728 1729 779)
4(803 1753 1728 778)
4(779 1729 1730 780)
4(804 1754 1729 779)
4(780 1730 1731 781)
4(805 1755 1730 780)
4(781 1731 1732 782)
4(806 1756 1731 781)
4(782 1732 1733 783)
4(807 1757 1732 782)
4(783 1733 1734 784)
4(808 1758 1733 783)
4(784 1734 1735 785)
4(809 1759 1734 784)
4(785 1735 1736 786)
4(810 1760 1735 785)
4(786 1736 1737 787)
4(811 1761 1736 786)
4(787 1737 1738 788)
4(812 1762 1737 787)
4(788 1738 1739 789)
4(813 1763 1738 788)
4(789 1739 1740 790)
4(814 1764 1739 789)
4(790 1740 1741 791)
4(815 1765 1740 790)
4(791 1741 1742 792)
4(816 1766 1741 791)
4(792 1742 1743 793)
4(817 1767 1742 792)
4(793 1743 1744 794)
4(818 1768 1743 793)
4(794 1744 1745 795)
4(819 1769 1744 794)
4(795 1745 1746 796)
4(820 1770 1745 795)
4(796 1746 1747 797)
4(821 1771 1746 796)
4(797 1747 1748 798)
4(822 1772 1747 797)
4(798 1748 1749 799)
4(823 1773 1748 798)
4(800 1750 1751 801)
4(801 1751 1752 802)
4(826 1776 1751 801)
4(802 1752 1753 803)
4(827 1777 1752 802)
4(803 1753 1754 804)
4(828 1778 1753 803)
4(804 1754 1755 805)
4(829 1779 1754 804)
4(805 1755 1756 806)
4(830 1780 1755 805)
4(806 1756 1757 807)
4(831 1781 1756 806)
4(807 1757 1758 808)
4(832 1782 1757 807)
4(808 1758 1759 809)
4(833 1783 1758 808)
4(809 1759 1760 810)
4(834 1784 1759 809)
4(810 1760 1761 811)
4(835 1785 1760 810)
4(811 1761 1762 812)
4(836 1786 1761 811)
4(812 1762 1763 813)
4(837 1787 1762 812)
4(813 1763 1764 814)
4(838 1788 1763 813)
4(814 1764 1765 815)
4(839 1789 1764 814)
4(815 1765 1766 816)
4(840 1790 1765 815)
4(816 1766 1767 817)
4(841 1791 1766 816)
4(817 1767 1768 818)
4(842 1792 1767 817)
4(818 1768 1769 819)
4(843 1793 1768 818)
4(819 1769 1770 820)
4(844 1794 1769 819)
4(820 1770 1771 821)
4(845 1795 1770 820)
4(821 1771 1772 822)
4(846 1796 1771 821)
4(822 1772 1773 823)
4(847 1797 1772 822)
4(823 1773 1774 824)
4(848 1798 1773 823)
4(825 1775 1776 826)
4(826 1776 1777 827)
4(851 1801 1776 826)
4(827 1777 1778 828)
4(852 1802 1777 827)
4(828 1778 1779 829)
4(853 1803 1778 828)
4(829 1779 1780 830)
4(854 1804 1779 829)
4(830 1780 1781 831)
4(855 1805 1780 830)
4(831 1781 1782 832)
4(856 1806 1781 831)
4(832 1782 1783 833)
4(857 1807 1782 832)
4(833 1783 1784 834)
4(858 1808 1783 833)
4(834 1784 1785 835)
4(859 1809 1784 834)
4(835 1785 1786 836)
4(860 1810 1785 835)
4(836 1786 1787 837)
4(861 1811 1786 836)
4(837 1787 1788 838)
4(862 1812 1787 837)
4(838 1788 1789 839)
4(863 1813 1788 838)
4(839 1789 1790 840)
4(864 1814 1789 839)
4(840 1790 1791 841)
4(865 1815 1790 840)
4(841 1791 1792 842)
4(866 1816 1791 841)
4(842 1792 1793 843)
4(867 1817 1792 842)
4(843 1793 1794 844)
4(868 1818 1793 843)
4(844 1794 1795 845)
4(869 1819 1794 844)
4(845 1795 1796 846)
4(870 1820 1795 845)
4(846 1796 1797 847)
4(871 1821 1796 846)
4(847 1797 1798 848)
4(872 1822 1797 847)
4(848 1798 1799 849)
4(873 1823 1798 848)
4(850 1800 1801 851)
4(851 1801 1802 852)
4(876 1826 1801 851)
4(852 1802 1803 853)
4(877 1827 1802 852)
4(853 1803 1804 854)
4(878 1828 1803 853)
4(854 1804 1805 855)
4(879 1829 1804 854)
4(855 1805 1806 856)
4(880 1830 1805 855)
4(856 1806 1807 857)
4(881 1831 1806 856)
4(857 1807 1808 858)
4(882 1832 1807 857)
4(858 1808 1809 859)
4(883 1833 1808 858)
4(859 1809 1810 860)
4(884 1834 1809 859)
4(860 1810 1811 861)
4(885 1835 1810 860)
4(861 1811 1812 862)
4(886 1836 1811 861)
4(862 1812 1813 863)
4(887 1837 1812 862)
4(863 1813 1814 864)
4(888 1838 1813 863)
4(864 1814 1815 865)
4(889 1839 1814 864)
4(865 1815 1816 866)
4(890 1840 1815 865)
4(866 1816 1817 867)
4(891 1841 1816 866)
4(867 1817 1818 868)
4(892 1842 1817 867)
4(868 1818 1819 869)
4(893 1843 1818 868)
4(869 1819 1820 870)
4(894 1844 1819 869)
4(870 1820 1821 871)
4(895 1845 1820 870)
4(871 1821 1822 872)
4(896 1846 1821 871)
4(872 1822 1823 873)
4(897 1847 1822 872)
4(873 1823 1824 874)
4(898 1848 1823 873)
4(875 1825 1826 876)
4(876 1826 1827 877)
4(901 1851 1826 876)
4(877 1827 1828 878)
4(902 1852 1827 877)
4(878 1828 1829 879)
4(903 1853 1828 878)
4(879 1829 1830 880)
4(904 1854 1829 879)
4(880 1830 1831 881)
4(905 1855 1830 880)
4(881 1831 1832 882)
4(906 1856 1831 881)
4(882 1832 1833 883)
4(907 1857 1832 882)
4(883 1833 1834 884)
4(908 1858 1833 883)
4(884 1834 1835 885)
4(909 1859 1834 884)
4(885 1835 1836 886)
4(910 1860 1835 885)
4(886 1836 1837 887)
4(911 1861 1836 886)
4(887 1837 1838 888)
4(912 1862 1837 887)
4(888 1838 1839 889)
4(913 1863 1838 888)
4(889 1839 1840 890)
4(914 1864 1839 889)
4(890 1840 1841 891)
4(915 1865 1840 890)
4(891 1841 1842 892)
4(916 1866 1841 891)
4(892 1842 1843 893)
4(917 1867 1842 892)
4(893 1843 1844 894)
4(918 1868 1843 893)
4(894 1844 1845 895)
4(919 1869 1844 894)
4(895 1845 1846 896)
4(920 1870 1845 895)
4(896 1846 1847 897)
4(921 1871 1846 896)
4(897 1847 1848 898)
4(922 1872 1847 897)
4(898 1848 1849 899)
4(923 1873 1848 898)
4(900 1850 1851 901)
4(901 1851 1852 902)
4(926 1876 1851 901)
4(902 1852 1853 903)
4(927 1877 1852 902)
4(903 1853 1854 904)
4(928 1878 1853 903)
4(904 1854 1855 905)
4(929 1879 1854 904)
4(905 1855 1856 906)
4(930 1880 1855 905)
4(906 1856 1857 907)
4(931 1881 1856 906)
4(907 1857 1858 908)
4(932 1882 1857 907)
4(908 1858 1859 909)
4(933 1883 1858 908)
4(909 1859 1860 910)
4(934 1884 1859 909)
4(910 1860 1861 911)
4(935 1885 1860 910)
4(911 1861 1862 912)
4(936 1886 1861 911)
4(912 1862 1863 913)
4(937 1887 1862 912)
4(913 1863 1864 914)
4(938 1888 1863 913)
4(914 1864 1865 915)
4(939 1889 1864 914)
4(915 1865 1866 916)
4(940 1890 1865 915)
4(916 1866 1867 917)
4(941 1891 1866 916)
4(917 1867 1868 918)
4(942 1892 1867 917)
4(918 1868 1869 919)
4(943 1893 1868 918)
4(919 1869 1870 920)
4(944 1894 1869 919)
4(920 1870 1871 921)
4(945 1895 1870 920)
4(921 1871 1872 922)
4(946 1896 1871 921)
4(922 1872 1873 923)
4(947 1897 1872 922)
4(923 1873 1874 924)
4(948 1898 1873 923)
4(48 49 24 23)
4(47 48 23 22)
4(46 47 22 21)
4(45 46 21 20)
4(44 45 20 19)
4(43 44 19 18)
4(42 43 18 17)
4(41 42 17 16)
4(40 41 16 15)
4(39 40 15 14)
4(38 39 14 13)
4(37 38 13 12)
4(36 37 12 11)
4(35 36 11 10)
4(34 35 10 9)
4(33 34 9 8)
4(32 33 8 7)
4(31 32 7 6)
4(30 31 6 5)
4(29 30 5 4)
4(28 29 4 3)
4(27 28 3 2)
4(26 27 2 1)
4(25 26 1 0)
4(73 74 49 48)
4(72 73 48 47)
4(71 72 47 46)
4(70 71 46 45)
4(69 70 45 44)
4(68 69 44 43)
4(67 68 43 42)
4(66 67 42 41)
4(65 66 41 40)
4(64 65 40 39)
4(63 64 39 38)
4(62 63 38 37)
4(61 62 37 36)
4(60 61 36 35)
4(59 60 35 34)
4(58 59 34 33)
4(57 58 33 32)
4(56 57 32 31)
4(55 56 31 30)
4(54 55 30 29)
4(53 54 29 28)
4(52 53 28 27)
4(51 52 27 26)
4(50 51 26 25)
4(98 99 74 73)
4(97 98 73 72)
4(96 97 72 71)
4(95 96 71 70)
4(94 95 70 69)
4(93 94 69 68)
4(92 93 68 67)
4(91 92 67 66)
4(90 91 66 65)
4(89 90 65 64)
4(88 89 64 63)
4(87 88 63 62)
4(86 87 62 61)
4(85 86 61 60)
4(84 85 60 59)
4(83 84 59 58)
4(82 83 58 57)
4(81 82 57 56)
4(80 81 56 55)
4(79 80 55 54)
4(78 79 54 53)
4(77 78 53 52)
4(76 77 52 51)
4(75 76 51 50)
4(123 124 99 98)
4(122 123 98 97)
4(121 122 97 96)
4(120 121 96 95)
4(119 120 95 94)
4(118 119 94 93)
4(117 118 93 92)
4(116 117 92 91)
4(115 116 91 90)
4(114 115 90 89)
4(113 114 89 88)
4(112 113 88 87)
4(111 112 87 86)
4(110 111 86 85)
4(109 110 85 84)
4(108 109 84 83)
4(107 108 83 82)
4(106 107 82 81)
4(105 106 81 80)
4(104 105 80 79)
4(103 104 79 78)
4(102 103 78 77)
4(101 102 77 76)
4(100 101 76 75)
4(148 149 124 123)
4(147 148 123 122)
4(146 147 122 121)
4(145 146 121 120)
4(144 145 120 119)
4(143 144 119 118)
4(142 143 118 117)
4(141 142 117 116)
4(140 141 116 115)
4(139 140 115 114)
4(138 139 114 113)
4(137 138 113 112)
4(136 137 112 111)
4(135 136 111 110)
4(134 135 110 109)
4(133 134 109 108)
4(132 133 108 107)
4(131 132 107 106)
4(130 131 106 105)
4(129 130 105 104)
4(128 129 104 103)
4(127 128 103 102)
4(126 127 102 101)
4(125 126 101 100)
4(173 174 149 148)
4(172 173 148 147)
4(171 172 147 146)
4(170 171 146 145)
4(169 170 145 144)
4(168 169 144 143)
4(167 168 143 142)
4(166 167 142 141)
4(165 166 141 140)
4(164 165 140 139)
4(163 164 139 138)
4(162 163 138 137)
4(161 162 137 136)
4(160 161 136 135)
4(159 160 135 134)
4(158 159 134 133)
4(157 158 133 132)
4(156 157 132 131)
4(155 156 131 130)
4(154 155 130 129)
4(153 154 129 128)
4(152 153 128 127)
4(151 152 127 126)
4(150 151 126 125)
4(198 199 174 173)
4(197 198 173 172)
4(196 197 172 171)
4(195 196 171 170)
4(194 195 170 169)
4(193 194 169 168)
4(192 193 168 167)
4(191 192 167 166)
4(190 191 166 165)
4(189 190 165 164)
4(188 189 164 163)
4(187 188 163 162)
4(186 187 162 161)
4(185 186 161 160)
4(184 185 160 159)
4(183 184 159 158)
4(182 183 158 157)
4(181 182 157 156)
4(180 181 156 155)
4(179 180 155 154)
4(178 179 154 153)
4(177 178 153 152)
4(176 177 152 151)
4(175 176 151 150)
4(223 224 199 198)
4(222 223 198 197)
4(221 222 197 196)
4(220 221 196 195)
4(219 220 195 194)
4(218 219 194 193)
4(217 218 193 192)
4(216 217 192 191)
4(215 216 191 190)
4(214 215 190 189)
4(213 214 189 188)
4(212 213 188 187)
4(211 212 187 186)
4(210 211 186 185)
4(209 210 185 184)
4(208 209 184 183)
4(207 208 183 182)
4(206 207 182 181)
4(205 206 181 180)
4(204 205 180 179)
4(203 204 179 178)
4(202 203 178 177)
4(201 202 177 176)
4(200 201 176 175)
4(248 249 224 223)
4(247 248 223 222)
4(246 247 222 221)
4(245 246 221 220)
4(244 245 220 219)
4(243 244 219 218)
4(242 243 218 217)
4(241 242 217 216)
4(240 241 216 215)
4(239 240 215 214)
4(238 239 214 213)
4(237 238 213 212)
4(236 237 212 211)
4(235 236 211 210)
4(234 235 210 209)
4(233 234 209 208)
4(232 233 208 207)
4(231 232 207 206)
4(230 231 206 205)
4(229 230 205 204)
4(228 229 204 203)
4(227 228 203 202)
4(226 227 202 201)
4(225 226 201 200)
4(273 274 249 248)
4(272 273 248 247)
4(271 272 247 246)
4(270 271 246 245)
4(269 270 245 244)
4(268 269 244 243)
4(267 268 243 242)
4(266 267 242 241)
4(265 266 241 240)
4(264 265 240 239)
4(263 264 239 238)
4(262 263 238 237)
4(261 262 237 236)
4(260 261 236 235)
4(259 260 235 234)
4(258 259 234 233)
4(257 258 233 232)
4(256 257 232 231)
4(255 256 231 230)
4(254 255 230 229)
4(253 254 229 228)
4(252 253 228 227)
4(251 252 227 226)
4(250 251 226 225)
4(298 299 274 273)
4(297 298 273 272)
4(296 297 272 271)
4(295 296 271 270)
4(294 295 270 269)
4(293 294 269 268)
4(292 293 268 267)
4(291 292 267 266)
4(290 291 266 265)
4(289 290 265 264)
4(288 289 264 263)
4(287 288 263 262)
4(286 287 262 261)
4(285 286 261 260)
4(284 285 260 259)
4(283 284 259 258)
4(282 283 258 257)
4(281 282 257 256)
4(280 281 256 255)
4(279 280 255 254)
4(278 279 254 253)
4(277 278 253 252)
4(276 277 252 251)
4(275 276 251 250)
4(323 324 299 298)
4(322 323 298 297)
4(321 322 297 296)
4(320 321 296 295)
4(319 320 295 294)
4(318 319 294 293)
4(317 318 293 292)
4(316 317 292 291)
4(315 316 291 290)
4(314 315 290 289)
4(313 314 289 288)
4(312 313 288 287)
4(311 312 287 286)
4(310 311 286 285)
4(309 310 285 284)
4(308 309 284 283)
4(307 308 283 282)
4(306 307 282 281)
4(305 306 281 280)
4(304 305 280 279)
4(303 304 279 278)
4(302 303 278 277)
4(301 302 277 276)
4(300 301 276 275)
4(348 349 324 323)
4(347 348 323 322)
4(346 347 322 321)
4(345 346 321 320)
4(344 345 320 319)
4(343 344 319 318)
4(342 343 318 317)
4(341 342 317 316)
4(340 341 316 315)
4(339 340 315 314)
4(338 339 314 313)
4(337 338 313 312)
4(336 337 312 311)
4(335 336 311 310)
4(334 335 310 309)
4(333 334 309 308)
4(332 333 308 307)
4(331 332 307 306)
4(330 331 306 305)
4(329 330 305 304)
4(328 329 304 303)
4(327 328 303 302)
4(326 327 302 301)
4(325 326 301 300)
4(373 374 349 348)
4(372 373 348 347)
4(371 372 347 346)
4(370 371 346 345)
4(369 370 345 344)
4(368 369 344 343)
4(367 368 343 342)
4(366 367 342 341)
4(365 366 341 340)
4(364 365 340 339)
4(363 364 339 338)
4(362 363 338 337)
4(361 362 337 336)
4(360 361 336 335)
4(359 360 335 334)
4(358 359 334 333)
4(357 358 333 332)
4(356 357 332 331)
4(355 356 331 330)
4(354 355 330 329)
4(353 354 329 328)
4(352 353 328 327)
4(351 352 327 326)
4(350 351 326 325)
4(398 399 374 373)
4(397 398 373 372)
4(396 397 372 371)
4(395 396 371 370)
4(394 395 370 369)
4(393 394 369 368)
4(392 393 368 367)
4(391 392 367 366)
4(390 391 366 365)
4(389 390 365 364)
4(388 389 364 363)
4(387 388 363 362)
4(386 387 362 361)
4(385 386 361 360)
4(384 385 360 359)
4(383 384 359 358)
4(382 383 358 357)
4(381 382 357 356)
4(380 381 356 355)
4(379 380 355 354)
4(378 379 354 353)
4(377 378 353 352)
4(376 377 352 351)
4(375 376 351 350)
4(423 424 399 398)
4(422 423 398 397)
4(421 422 397 396)
4(420 421 396 395)
4(419 420 395 394)
4(418 419 394 393)
4(417 418 393 392)
4(416 417 392 391)
4(415 416 391 390)
4(414 415 390 389)
4(413 414 389 388)
4(412 413 388 387)
4(411 412 387 386)
4(410 411 386 385)
4(409 410 385 384)
4(408 409 384 383)
4(407 408 383 382)
4(406 407 382 381)
4(405 406 381 380)
4(404 405 380 379)
4(403 404 379 378)
4(402 403 378 377)
4(401 402 377 376)
4(400 401 376 375)
4(448 449 424 423)
4(447 448 423 422)
4(446 447 422 421)
4(445 446 421 420)
4(444 445 420 419)
4(443 444 419 418)
4(442 443 418 417)
4(441 442 417 416)
4(440 441 416 415)
4(439 440 415 414)
4(438 439 414 413)
4(437 438 413 412)
4(436 437 412 411)
4(435 436 411 410)
4(434 435 410 409)
4(433 434 409 408)
4(432 433 408 407)
4(431 432 407 406)
4(430 431 406 405)
4(429 430 405 404)
4(428 429 404 403)
4(427 428 403 402)
4(426 427 402 401)
4(425 426 401 400)
4(473 474 449 448)
4(472 473 448 447)
4(471 472 447 446)
4(470 471 446 445)
4(469 470 445 444)
4(468 469 444 443)
4(467 468 443 442)
4(466 467 442 441)
4(465 466 441 440)
4(464 465 440 439)
4(463 464 439 438)
4(462 463 438 437)
4(461 462 437 436)
4(460 461 436 435)
4(459 460 435 434)
4(458 459 434 433)
4(457 458 433 432)
4(456 457 432 431)
4(455 456 431 430)
4(454 455 430 429)
4(453 454 429 428)
4(452 453 428 427)
4(451 452 427 426)
4(450 451 426 425)
4(498 499 474 473)
4(497 498 473 472)
4(496 497 472 471)
4(495 496 471 470)
4(494 495 470 469)
4(493 494 469 468)
4(492 493 468 467)
4(491 492 467 466)
4(490 491 466 465)
4(489 490 465 464)
4(488 489 464 463)
4(487 488 463 462)
4(486 487 462 461)
4(485 486 461 460)
4(484 485 460 459)
4(483 484 459 458)
4(482 483 458 457)
4(481 482 457 456)
4(480 481 456 455)
4(479 480 455 454)
4(478 479 454 453)
4(477 478 453 452)
4(476 477 452 451)
4(475 476 451 450)
4(523 524 499 498)
4(522 523 498 497)
4(521 522 497 496)
4(520 521 496 495)
4(519 520 495 494)
4(518 519 494 493)
4(517 518 493 492)
4(516 517 492 491)
4(515 516 491 490)
4(514 515 490 489)
4(513 514 489 488)
4(512 513 488 487)
4(511 512 487 486)
4(510 511 486 485)
4(509 510 485 484)
4(508 509 484 483)
4(507 508 483 482)
4(506 507 482 481)
4(505 506 481 480)
4(504 505 480 479)
4(503 504 479 478)
4(502 503 478 477)
4(501 502 477 476)
4(500 501 476 475)
4(548 549 524 523)
4(547 548 523 522)
4(546 547 522 521)
4(545 546 521 520)
4(544 545 520 519)
4(543 544 519 518)
4(542 543 518 517)
4(541 542 517 516)
4(540 541 516 515)
4(539 540 515 514)
4(538 539 514 513)
4(537 538 513 512)
4(536 537 512 511)
4(535 536 511 510)
4(534 535 510 509)
4(533 534 509 508)
4(532 533 508 507)
4(531 532 507 506)
4(530 531 506 505)
4(529 530 505 504)
4(528 529 504 503)
4(527 528 503 502)
4(526 527 502 501)
4(525 526 501 500)
4(573 574 549 548)
4(572 573 548 547)
4(571 572 547 546)
4(570 571 546 545)
4(569 570 545 544)
4(568 569 544 543)
4(567 568 543 542)
4(566 567 542 541)
4(565 566 541 540)
4(564 565 540 539)
4(563 564 539 538)
4(562 563 538 537)
4(561 562 537 536)
4(560 561 536 535)
4(559 560 535 534)
4(558 559 534 533)
4(557 558 533 532)
4(556 557 532 531)
4(555 556 531 530)
4(554 555 530 529)
4(553 554 529 528)
4(552 553 528 527)
4(551 552 527 526)
4(550 551 526 525)
4(598 599 574 573)
4(597 598 573 572)
4(596 597 572 571)
4(595 596 571 570)
4(594 595 570 569)
4(593 594 569 568)
4(592 593 568 567)
4(591 592 567 566)
4(590 591 566 565)
4(589 590 565 564)
4(588 589 564 563)
4(587 588 563 562)
4(586 587 562 561)
4(585 586 561 560)
4(584 585 560 559)
4(583 584 559 558)
4(582 583 558 557)
4(581 582 557 556)
4(580 581 556 555)
4(579 580 555 554)
4(578 579 554 553)
4(577 578 553 552)
4(576 577 552 551)
4(575 576 551 550)
4(623 624 599 598)
4(622 623 598 597)
4(621 622 597 596)
4(620 621 596 595)
4(619 620 595 594)
4(618 619 594 593)
4(617 618 593 592)
4(616 617 592 591)
4(615 616 591 590)
4(614 615 590 589)
4(613 614 589 588)
4(612 613 588 587)
4(611 612 587 586)
4(610 611 586 585)
4(609 610 585 584)
4(608 609 584 583)
4(607 608 583 582)
4(606 607 582 581)
4(605 606 581 580)
4(604 605 580 579)
4(603 604 579 578)
4(602 603 578 577)
4(601 602 577 576)
4(600 601 576 575)
4(648 649 624 623)
4(647 648 623 622)
4(646 647 622 621)
4(645 646 621 620)
4(644 645 620 619)
4(643 644 619 618)
4(642 643 618 617)
4(641 642 617 616)
4(640 641 616 615)
4(639 640 615 614)
4(638 639 614 613)
4(637 638 613 612)
4(636 637 612 611)
4(635 636 611 610)
4(634 635 610 609)
4(633 634 609 608)
4(632 633 608 607)
4(631 632 607 606)
4(630 631 606 605)
4(629 630 605 604)
4(628 629 604 603)
4(627 628 603 602)
4(626 627 602 601)
4(625 626 601 600)
4(673 674 649 648)
4(672 673 648 647)
4(671 672 647 646)
4(670 671 646 645)
4(669 670 645 644)
4(668 669 644 643)
4(667 668 643 642)
4(666 667 642 641)
4(665 666 641 640)
4(664 665 640 639)
4(663 664 639 638)
4(662 663 638 637)
4(661 662 637 636)
4(660 661 636 635)
4(659 660 635 634)
4(658 659 634 633)
4(657 658 633 632)
4(656 657 632 631)
4(655 656 631 630)
4(654 655 630 629)
4(653 654 629 628)
4(652 653 628 627)
4(651 652 627 626)
4(650 651 626 625)
4(698 699 674 673)
4(697 698 673 672)
4(696 697 672 671)
4(695 696 671 670)
4(694 695 670 669)
4(693 694 669 668)
4(692 693 668 667)
4(691 692 667 666)
4(690 691 666 665)
4(689 690 665 664)
4(688 689 664 663)
4(687 688 663 662)
4(686 687 662 661)
4(685 686 661 660)
4(684 685 660 659)
4(683 684 659 658)
4(682 683 658 657)
4(681 682 657 656)
4(680 681 656 655)
4(679 680 655 654)
4(678 679 654 653)
4(677 678 653 652)
4(676 677 652 651)
4(675 676 651 650)
4(723 724 699 698)
4(722 723 698 697)
4(721 722 697 696)
4(720 721 696 695)
4(719 720 695 694)
4(718 719 694 693)
4(717 718 693 692)
4(716 717 692 691)
4(715 716 691 690)
4(714 715 690 689)
4(713 714 689 688)
4(712 713 688 687)
4(711 712 687 686)
4(710 711 686 685)
4(709 710 685 684)
4(708 709 684 683)
4(707 708 683 682)
4(706 707 682 681)
4(705 706 681 680)
4(704 705 680 679)
4(703 704 679 678)
4(702 703 678 677)
4(701 702 677 676)
4(700 701 676 675)
4(748 749 724 723)
4(747 748 723 722)
4(746 747 722 721)
4(745 746 721 720)
4(744 745 720 719)
4(743 744 719 718)
4(742 743 718 717)
4(741 742 717 716)
4(740 741 716 715)
4(739 740 715 714)
4(738 739 714 713)
4(737 738 713 712)
4(736 737 712 711)
4(735 736 711 710)
4(734 735 710 709)
4(733 734 709 708)
4(732 733 708 707)
4(731 732 707 706)
4(730 731 706 705)
4(729 730 705 704)
4(728 729 704 703)
4(727 728 703 702)
4(726 727 702 701)
4(725 726 701 700)
4(773 774 749 748)
4(772 773 748 747)
4(771 772 747 746)
4(770 771 746 745)
4(769 770 745 744)
4(768 769 744 743)
4(767 768 743 742)
4(766 767 742 741)
4(765 766 741 740)
4(764 765 740 739)
4(763 764 739 738)
4(762 763 738 737)
4(761 762 737 736)
4(760 761 736 735)
4(759 760 735 734)
4(758 759 734 733)
4(757 758 733 732)
4(756 757 732 731)
4(755 756 731 730)
4(754 755 730 729)
4(753 754 729 728)
4(752 753 728 727)
4(751 752 727 726)
4(750 751 726 725)
4(798 799 774 773)
4(797 798 773 772)
4(796 797 772 771)
4(795 796 771 770)
4(794 795 770 769)
4(793 794 769 768)
4(792 793 768 767)
4(791 792 767 766)
4(790 791 766 765)
4(789 790 765 764)
4(788 789 764 763)
4(787 788 763 762)
4(786 787 762 761)
4(785 786 761 760)
4(784 785 760 759)
4(783 784 759 758)
4(782 783 758 757)
4(781 782 757 756)
4(780 781 756 755)
4(779 780 755 754)
4(778 779 754 753)
4(777 778 753 752)
4(776 777 752 751)
4(775 776 751 750)
4(823 824 799 798)
4(822 823 798 797)
4(821 822 797 796)
4(820 821 796 795)
4(819 820 795 794)
4(818 819 794 793)
4(817 818 793 792)
4(816 817 792 791)
4(815 816 791 790)
4(814 815 790 789)
4(813 814 789 788)
4(812 813 788 787)
4(811 812 787 786)
4(810 811 786 785)
4(809 810 785 784)
4(808 809 784 783)
4(807 808 783 782)
4(806 807 782 781)
4(805 806 781 780)
4(804 805 780 779)
4(803 804 779 778)
4(802 803 778 777)
4(801 802 777 776)
4(800 801 776 775)
4(848 849 824 823)
4(847 848 823 822)
4(846 847 822 821)
4(845 846 821 820)
4(844 845 820 819)
4(843 844 819 818)
4(842 843 818 817)
4(841 842 817 816)
4(840 841 816 815)
4(839 840 815 814)
4(838 839 814 813)
4(837 838 813 812)
4(836 837 812 811)
4(835 836 811 810)
4(834 835 810 809)
4(833 834 809 808)
4(832 833 808 807)
4(831 832 807 806)
4(830 831 806 805)
4(829 830 805 804)
4(828 829 804 803)
4(827 828 803 802)
4(826 827 802 801)
4(825 826 801 800)
4(873 874 849 848)
4(872 873 848 847)
4(871 872 847 846)
4(870 871 846 845)
4(869 870 845 844)
4(868 869 844 843)
4(867 868 843 842)
4(866 867 842 841)
4(865 866 841 840)
4(864 865 840 839)
4(863 864 839 838)
4(862 863 838 837)
4(861 862 837 836)
4(860 861 836 835)
4(859 860 835 834)
4(858 859 834 833)
4(857 858 833 832)
4(856 857 832 831)
4(855 856 831 830)
4(854 855 830 829)
4(853 854 829 828)
4(852 853 828 827)
4(851 852 827 826)
4(850 851 826 825)
4(898 899 874 873)
4(897 898 873 872)
4(896 897 872 871)
4(895 896 871 870)
4(894 895 870 869)
4(893 894 869 868)
4(892 893 868 867)
4(891 892 867 866)
4(890 891 866 865)
4(889 890 865 864)
4(888 889 864 863)
4(887 888 863 862)
4(886 887 862 861)
4(885 886 861 860)
4(884 885 860 859)
4(883 884 859 858)
4(882 883 858 857)
4(881 882 857 856)
4(880 881 856 855)
4(879 880 855 854)
4(878 879 854 853)
4(877 878 853 852)
4(876 877 852 851)
4(875 876 851 850)
4(923 924 899 898)
4(922 923 898 897)
4(921 922 897 896)
4(920 921 896 895)
4(919 920 895 894)
4(918 919 894 893)
4(917 918 893 892)
4(916 917 892 891)
4(915 916 891 890)
4(914 915 890 889)
4(913 914 889 888)
4(912 913 888 887)
4(911 912 887 886)
4(910 911 886 885)
4(909 910 885 884)
4(908 909 884 883)
4(907 908 883 882)
4(906 907 882 881)
4(905 906 881 880)
4(904 905 880 879)
4(903 904 879 878)
4(902 903 878 877)
4(901 902 877 876)
4(900 901 876 875)
4(948 949 924 923)
4(947 948 923 922)
4(946 947 922 921)
4(945 946 921 920)
4(944 945 920 919)
4(943 944 919 918)
4(942 943 918 917)
4(941 942 917 916)
4(940 941 916 915)
4(939 940 915 914)
4(938 939 914 913)
4(937 938 913 912)
4(936 937 912 911)
4(935 936 911 910)
4(934 935 910 909)
4(933 934 909 908)
4(932 933 908 907)
4(931 932 907 906)
4(930 931 906 905)
4(929 930 905 904)
4(928 929 904 903)
4(927 928 903 902)
4(926 927 902 901)
4(925 926 901 900)
4(951 976 975 950)
4(952 977 976 951)
4(953 978 977 952)
4(954 979 978 953)
4(955 980 979 954)
4(956 981 980 955)
4(957 982 981 956)
4(958 983 982 957)
4(959 984 983 958)
4(960 985 984 959)
4(961 986 985 960)
4(962 987 986 961)
4(963 988 987 962)
4(964 989 988 963)
4(965 990 989 964)
4(966 991 990 965)
4(967 992 991 966)
4(968 993 992 967)
4(969 994 993 968)
4(970 995 994 969)
4(971 996 995 970)
4(972 997 996 971)
4(973 998 997 972)
4(974 999 998 973)
4(976 1001 1000 975)
4(977 1002 1001 976)
4(978 1003 1002 977)
4(979 1004 1003 978)
4(980 1005 1004 979)
4(981 1006 1005 980)
4(982 1007 1006 981)
4(983 1008 1007 982)
4(984 1009 1008 983)
4(985 1010 1009 984)
4(986 1011 1010 985)
4(987 1012 1011 986)
4(988 1013 1012 987)
4(989 1014 1013 988)
4(990 1015 1014 989)
4(991 1016 1015 990)
4(992 1017 1016 991)
4(993 1018 1017 992)
4(994 1019 1018 993)
4(995 1020 1019 994)
4(996 1021 1020 995)
4(997 1022 1021 996)
4(998 1023 1022 997)
4(999 1024 1023 998)
4(1001 1026 1025 1000)
4(1002 1027 1026 1001)
4(1003 1028 1027 1002)
4(1004 1029 1028 1003)
4(1005 1030 1029 1004)
4(1006 1031 1030 1005)
4(1007 1032 1031 1006)
4(1008 1033 1032 1007)
4(1009 1034 1033 1008)
4(1010 1035 1034 1009)
4(1011 1036 1035 1010)
4(1012 1037 1036 1011)
4(1013 1038 1037 1012)
4(1014 1039 1038 1013)
4(1015 1040 1039 1014)
4(1016 1041 1040 1015)
4(1017 1042 1041 1016)
4(1018 1043 1042 1017)
4(1019 1044 1043 1018)
4(1020 1045 1044 1019)
4(1021 1046 1045 1020)
4(1022 1047 1046 1021)
4(1023 1048 1047 1022)
4(1024 1049 1048 1023)
4(1026 1051 1050 1025)
4(1027 1052 1051 1026)
4(1028 1053 1052 1027)
4(1029 1054 1053 1028)
4(1030 1055 1054 1029)
4(1031 1056 1055 1030)
4(1032 1057 1056 1031)
4(1033 1058 1057 1032)
4(1034 1059 1058 1033)
4(1035 1060 1059 1034)
4(1036 1061 1060 1035)
4(1037 1062 1061 1036)
4(1038 1063 1062 1037)
4(1039 1064 1063 1038)
4(1040 1065 1064 1039)
4(1041 1066 1065 1040)
4(1042 1067 1066 1041)
4(1043 1068 1067 1042)
4(1044 1069 1068 1043)
4(1045 1070 1069 1044)
4(1046 1071 1070 1045)
4(1047 1072 1071 1046)
4(1048 1073 1072 1047)
4(1049 1074 1073 1048)
4(1051 1076 1075 1050)
4(1052 1077 1076 1051)
4(1053 1078 1077 1052)
4(1054 1079 1078 1053)
4(1055 1080 1079 1054)
4(1056 1081 1080 1055)
4(1057 1082 1081 1056)
4(1058 1083 1082 1057)
4(1059 1084 1083 1058)
4(1060 1085 1084 1059)
4(1061 1086 1085 1060)
4(1062 1087 1086 1061)
4(1063 1088 1087 1062)
4(1064 1089 1088 1063)
4(1065 1090 1089 1064)
4(1066 1091 1090 1065)
4(1067 1092 1091 1066)
4(1068 1093 1092 1067)
4(1069 1094 1093 1068)
4(1070 1095 1094 1069)
4(1071 1096 1095 1070)
4(1072 1097 1096 1071)
4(1073 1098 1097 1072)
4(1074 1099 1098 1073)
4(1076 1101 1100 1075)
4(1077 1102 1101 1076)
4(1078 1103 1102 1077)
4(1079 1104 1103 1078)
4(1080 1105 1104 1079)
4(1081 1106 1105 1080)
4(1082 1107 1106 1081)
4(1083 1108 1107 1082)
4(1084 1109 1108 1083)
4(1085 1110 1109 1084)
4(1086 1111 1110 1085)
4(1087 1112 1111 1086)
4(1088 1113 1112 1087)
4(1089 1114 1113 1088)
4(1090 1115 1114 1089)
4(1091 1116 1115 1090)
4(1092 1117 1116 1091)
4(1093 1118 1117 1092)
4(1094 1119 1118 1093)
4(1095 1120 1119 1094)
4(1096 1121 1120 1095)
4(1097 1122 1121 1096)
4(1098 1123 1122 1097)
4(1099 1124 1123 1098)
4(1101 1126 1125 1100)
4(1102 1127 1126 1101)
4(1103 1128 1127 1102)
4(1104 1129 1128 1103)
4(1105 1130 1129 1104)
4(1106 1131 1130 1105)
4(1107 1132 1131 1106)
4(1108 1133 1132 1107)
4(1109 1134 1133 1108)
4(1110 1135 1134 1109)
4(1111 1136 1135 1110)
4(1112 1137 1136 1111)
4(1113 1138 1137 1112)
4(1114 1139 1138 1113)
4(1115 1140 1139 1114)
4(1116 1141 1140 1115)
4(1117 1142 1141 1116)
4(1118 1143 1142 1117)
4(1119 1144 1143 1118)
4(1120 1145 1144 1119)
4(1121 1146 1145 1120)
4(1122 1147 1146 1121)
4(1123 1148 1147 1122)
4(1124 1149 1148 1123)
4(1126 1151 1150 1125)
4(1127 1152 1151 1126)
4(1128 1153 1152 1127)
4(1129 1154 1153 1128)
4(1130 1155 1154 1129)
4(1131 1156 1155 1130)
4(1132 1157 1156 1131)
4(1133 1158 1157 1132)
4(1134 1159 1158 1133)
4(1135 1160 1159 1134)
4(1136 1161 1160 1135)
4(1137 1162 1161 1136)
4(1138 1163 1162 1137)
4(1139 1164 1163 1138)
4(1140 1165 1164 1139)
4(1141 1166 1165 1140)
4(1142 1167 1166 1141)
4(1143 1168 1167 1142)
4(1144 1169 1168 1143)
4(1145 1170 1169 1144)
4(1146 1171 1170 1145)
4(1147 1172 1171 1146)
4(1148 1173 1172 1147)
4(1149 1174 1173 1148)
4(1151 1176 1175 1150)
4(1152 1177 1176 1151)
4(1153 1178 1177 1152)
4(1154 1179 1178 1153)
4(1155 1180 1179 1154)
4(1156 1181 1180 1155)
4(1157 1182 1181 1156)
4(1158 1183 1182 1157)
4(1159 1184 1183 1158)
4(1160 1185 1184 1159)
4(1161 1186 1185 1160)
4(1162 1187 1186 1161)
4(1163 1188 1187 1162)
4(1164 1189 1188 1163)
4(1165 1190 1189 1164)
4(1166 1191 1190 1165)
4(1167 1192 1191 1166)
4(1168 1193 1192 1167)
4(1169 1194 1193 1168)
4(1170 1195 1194 1169)
4(1171 1196 1195 1170)
4(1172 1197 1196 1171)
4(1173 1198 1197 1172)
4(1174 1199 1198 1173)
4(1176 1201 1200 1175)
4(1177 1202 1201 1176)
4(1178 1203 1202 1177)
4(1179 1204 1203 1178)
4(1180 1205 1204 1179)
4(1181 1206 1205 1180)
4(1182 1207 1206 1181)
4(1183 1208 1207 1182)
4(1184 1209 1208 1183)
4(1185 1210 1209 1184)
4(1186 1211 1210 1185)
4(1187 1212 1211 1186)
4(1188 1213 1212 1187)
4(1189 1214 1213 1188)
4(1190 1215 1214 1189)
4(1191 1216 1215 1190)
4(1192 1217 1216 1191)
4(1193 1218 1217 1192)
4(1194 1219 1218 1193)
4(1195 1220 1219 1194)
4(1196 1221 1220 1195)
4(1197 1222 1221 1196)
4(1198 1223 1222 1197)
4(1199 1224 1223 1198)
4(1201 1226 1225 1200)
4(1202 1227 1226 1201)
4(1203 1228 1227 1202)
4(1204 1229 1228 1203)
4(1205 1230 1229 1204)
4(1206 1231 1230 1205)
4(1207 1232 1231 1206)
4(1208 1233 1232 1207)
4(1209 1234 1233 1208)
4(1210 1235 1234 1209)
4(1211 1236 1235 1210)
4(1212 1237 1236 1211)
4(1213 1238 1237 1212)
4(1214 1239 1238 1213)
4(1215 1240 1239 1214)
4(1216 1241 1240 1215)
4(1217 1242 1241 1216)
4(1218 1243 1242 1217)
4(1219 1244 1243 1218)
4(1220 1245 1244 1219)
4(1221 1246 1245 1220)
4(1222 1247 1246 1221)
4(1223 1248 1247 1222)
4(1224 1249 1248 1223)
4(1226 1251 1250 1225)
4(1227 1252 1251 1226)
4(1228 1253 1252 1227)
4(1229 1254 1253 1228)
4(1230 1255 1254 1229)
4(1231 1256 1255 1230)
4(1232 1257 1256 1231)
4(1233 1258 1257 1232)
4(1234 1259 1258 1233)
4(1235 1260 1259 1234)
4(1236 1261 1260 1235)
4(1237 1262 1261 1236)
4(1238 1263 1262 1237)
4(1239 1264 1263 1238)
4(1240 1265 1264 1239)
4(1241 1266 1265 1240)
4(1242 1267 1266 1241)
4(1243 1268 1267 1242)
4(1244 1269 1268 1243)
4(1245 1270 1269 1244)
4(1246 1271 1270 1245)
4(1247 1272 1271 1246)
4(1248 1273 1272 1247)
4(1249 1274 1273 1248)
4(1251 1276 1275 1250)
4(1252 1277 1276 1251)
4(1253 1278 1277 1252)
4(1254 1279 1278 1253)
4(1255 1280 1279 1254)
4(1256 1281 1280 1255)
4(1257 1282 1281 1256)
4(1258 1283 1282 1257)
4(1259 1284 1283 1258)
4(1260 1285 1284 1259)
4(1261 1286 1285 1260)
4(1262 1287 1286 1261)
4(1263 1288 1287 1262)
4(1264 1289 1288 1263)
4(1265 1290 1289 1264)
4(1266 1291 1290 1265)
4(1267 1292 1291 1266)
4(1268 1293 1292 1267)
4(1269 1294 1293 1268)
4(1270 1295 1294 1269)
4(1271 1296 1295 1270)
4(1272 1297 1296 1271)
4(1273 1298 1297 1272)
4(1274 1299 1298 1273)
4(1276 1301 1300 1275)
4(1277 1302 1301 1276)
4(1278 1303 1302 1277)
4(1279 1304 1303 1278)
4(1280 1305 1304 1279)
4(1281 1306 1305 1280)
4(1282 1307 1306 1281)
4(1283 1308 1307 1282)
4(1284 1309 1308 1283)
4(1285 1310 1309 1284)
4(1286 1311 1310 1285)
4(1287 1312 1311 1286)
4(1288 1313 1312 1287)
4(1289 1314 1313 1288)
4(1290 1315 1314 1289)
4(1291 1316 1315 1290)
4(1292 1317 1316 1291)
4(1293 1318 1317 1292)
4(1294 1319 1318 1293)
4(1295 1320 1319 1294)
4(1296 1321 1320 1295)
4(1297 1322 1321 1296)
4(1298 1323 1322 1297)
4(1299 1324 1323 1298)
4(1301 1326 1325 1300)
4(1302 1327 1326 1301)
4(1303 1328 1327 1302)
4(1304 1329 1328 1303)
4(1305 1330 1329 1304)
4(1306 1331 1330 1305)
4(1307 1332 1331 1306)
4(1308 1333 1332 1307)
4(1309 1334 1333 1308)
4(1310 1335 1334 1309)
4(1311 1336 1335 1310)
4(1312 1337 1336 1311)
4(1313 1338 1337 1312)
4(1314 1339 1338 1313)
4(1315 1340 1339 1314)
4(1316 1341 1340 1315)
4(1317 1342 1341 1316)
4(1318 1343 1342 1317)
4(1319 1344 1343 1318)
4(1320 1345 1344 1319)
4(1321 1346 1345 1320)
4(1322 1347 1346 1321)
4(1323 1348 1347 1322)
4(1324 1349 1348 1323)
4(1326 1351 1350 1325)
4(1327 1352 1351 1326)
4(1328 1353 1352 1327)
4(1329 1354 1353 1328)
4(1330 1355 1354 1329)
4(1331 1356 1355 1330)
4(1332 1357 1356 1331)
4(1333 1358 1357 1332)
4(1334 1359 1358 1333)
4(1335 1360 1359 1334)
4(1336 1361 1360 1335)
4(1337 1362 1361 1336)
4(1338 1363 1362 1337)
4(1339 1364 1363 1338)
4(1340 1365 1364 1339)
4(1341 1366 1365 1340)
4(1342 1367 1366 1341)
4(1343 1368 1367 1342)
4(1344 1369 1368 1343)
4(1345 1370 1369 1344)
4(1346 1371 1370 1345)
4(1347 1372 1371 1346)
4(1348 1373 1372 1347)
4(1349 1374 1373 1348)
4(1351 1376 1375 1350)
4(1352 1377 1376 1351)
4(1353 1378 1377 1352)
4(1354 1379 1378 1353)
4(1355 1380 1379 1354)
4(1356 1381 1380 1355)
4(1357 1382 1381 1356)
4(1358 1383 1382 1357)
4(1359 1384 1383 1358)
4(1360 1385 1384 1359)
4(1361 1386 1385 1360)
4(1362 1387 1386 1361)
4(1363 1388 1387 1362)
4(1364 1389 1388 1363)
4(1365 1390 1389 1364)
4(1366 1391 1390 1365)
4(1367 1392 1391 1366)
4(1368 1393 1392 1367)
4(1369 1394 1393 1368)
4(1370 1395 1394 1369)
4(1371 1396 1395 1370)
4(1372 1397 1396 1371)
4(1373 1398 1397 1372)
4(1374 1399 1398 1373)
4(1376 1401 1400 1375)
4(1377 1402 1401 1376)
4(1378 1403 1402 1377)
4(1379 1404 1403 1378)
4(1380 1405 1404 1379)
4(1381 1406 1405 1380)
4(1382 1407 1406 1381)
4(1383 1408 1407 1382)
4(1384 1409 1408 1383)
4(1385 1410 1409 1384)
4(1386 1411 1410 1385)
4(1387 1412 1411 1386)
4(1388 1413 1412 1387)
4(1389 1414 1413 1388)
4(1390 1415 1414 1389)
4(1391 1416 1415 1390)
4(1392 1417 1416 1391)
4(1393 1418 1417 1392)
4(1394 1419 1418 1393)
4(1395 1420 1419 1394)
4(1396 1421 1420 1395)
4(1397 1422 1421 1396)
4(1398 1423 1422 1397)
4(1399 1424 1423 1398)
4(1401 1426 1425 1400)
4(1402 1427 1426 1401)
4(1403 1428 1427 1402)
4(1404 1429 1428 1403)
4(1405 1430 1429 1404)
4(1406 1431 1430 1405)
4(1407 1432 1431 1406)
4(1408 1433 1432 1407)
4(1409 1434 1433 1408)
4(1410 1435 1434 1409)
4(1411 1436 1435 1410)
4(1412 1437 1436 1411)
4(1413 1438 1437 1412)
4(1414 1439 1438 1413)
4(1415 1440 1439 1414)
4(1416 1441 1440 1415)
4(1417 1442 1441 1416)
4(1418 1443 1442 1417)
4(1419 1444 1443 1418)
4(1420 1445 1444 1419)
4(1421 1446 1445 1420)
4(1422 1447 1446 1421)
4(1423 1448 1447 1422)
4(1424 1449 1448 1423)
4(1426 1451 1450 1425)
4(1427 1452 1451 1426)
4(1428 1453 1452 1427)
4(1429 1454 1453 1428)
4(1430 1455 1454 1429)
4(1431 1456 1455 1430)
4(1432 1457 1456 1431)
4(1433 1458 1457 1432)
4(1434 1459 1458 1433)
4(1435 1460 1459 1434)
4(1436 1461 1460 1435)
4(1437 1462 1461 1436)
4(1438 1463 1462 1437)
4(1439 1464 1463 1438)
4(1440 1465 1464 1439)
4(1441 1466 1465 1440)
4(1442 1467 1466 1441)
4(1443 1468 1467 1442)
4(1444 1469 1468 1443)
4(1445 1470 1469 1444)
4(1446 1471 1470 1445)
4(1447 1472 1471 1446)
4(1448 1473 1472 1447)
4(1449 1474 1473 1448)
4(1451 1476 1475 1450)
4(1452 1477 1476 1451)
4(1453 1478 1477 1452)
4(1454 1479 1478 1453)
4(1455 1480 1479 1454)
4(1456 1481 1480 1455)
4(1457 1482 1481 1456)
4(1458 1483 1482 1457)
4(1459 1484 1483 1458)
4(1460 1485 1484 1459)
4(1461 1486 1485 1460)
4(1462 1487 1486 1461)
4(1463 1488 1487 1462)
4(1464 1489 1488 1463)
4(1465 1490 1489 1464)
4(1466 1491 1490 1465)
4(1467 1492 1491 1466)
4(1468 1493 1492 1467)
4(1469 1494 1493 1468)
4(1470 1495 1494 1469)
4(1471 1496 1495 1470)
4(1472 1497 1496 1471)
4(1473 1498 1497 1472)
4(1474 1499 1498 1473)
4(1476 1501 1500 1475)
4(1477 1502 1501 1476)
4(1478 1503 1502 1477)
4(1479 1504 1503 1478)
4(1480 1505 1504 1479)
4(1481 1506 1505 1480)
4(1482 1507 1506 1481)
4(1483 1508 1507 1482)
4(1484 1509 1508 1483)
4(1485 1510 1509 1484)
4(1486 1511 1510 1485)
4(1487 1512 1511 1486)
4(1488 1513 1512 1487)
4(1489 1514 1513 1488)
4(1490 1515 1514 1489)
4(1491 1516 1515 1490)
4(1492 1517 1516 1491)
4(1493 1518 1517 1492)
4(1494 1519 1518 1493)
4(1495 1520 1519 1494)
4(1496 1521 1520 1495)
4(1497 1522 1521 1496)
4(1498 1523 1522 1497)
4(1499 1524 1523 1498)
4(1501 1526 1525 1500)
4(1502 1527 1526 1501)
4(1503 1528 1527 1502)
4(1504 1529 1528 1503)
4(1505 1530 1529 1504)
4(1506 1531 1530 1505)
4(1507 1532 1531 1506)
4(1508 1533 1532 1507)
4(1509 1534 1533 1508)
4(1510 1535 1534 1509)
4(1511 1536 1535 1510)
4(1512 1537 1536 1511)
4(1513 1538 1537 1512)
4(1514 1539 1538 1513)
4(1515 1540 1539 1514)
4(1516 1541 1540 1515)
4(1517 1542 1541 1516)
4(1518 1543 1542 1517)
4(1519 1544 1543 1518)
4(1520 1545 1544 1519)
4(1521 1546 1545 1520)
4(1522 1547 1546 1521)
4(1523 1548 1547 1522)
4(1524 1549 1548 1523)
4(1526 1551 1550 1525)
4(1527 1552 1551 1526)
4(1528 1553 1552 1527)
4(1529 1554 1553 1528)
4(1530 1555 1554 1529)
4(1531 1556 1555 1530)
4(1532 1557 1556 1531)
4(1533 1558 1557 1532)
4(1534 1559 1558 1533)
4(1535 1560 1559 1534)
4(1536 1561 1560 1535)
4(1537 1562 1561 1536)
4(1538 1563 1562 1537)
4(1539 1564 1563 1538)
4(1540 1565 1564 1539)
4(1541 1566 1565 1540)
4(1542 1567 1566 1541)
4(1543 1568 1567 1542)
4(1544 1569 1568 1543)
4(1545 1570 1569 1544)
4(1546 1571 1570 1545)
4(1547 1572 1571 1546)
4(1548 1573 1572 1547)
4(1549 1574 1573 1548)
4(1551 1576 1575 1550)
4(1552 1577 1576 1551)
4(1553 1578 1577 1552)
4(1554 1579 1578 1553)
4(1555 1580 1579 1554)
4(1556 1581 1580 1555)
4(1557 1582 1581 1556)
4(1558 1583 1582 1557)
4(1559 1584 1583 1558)
4(1560 1585 1584 1559)
4(1561 1586 1585 1560)
4(1562 1587 1586 1561)
4(1563 1588 1587 1562)
4(1564 1589 1588 1563)
4(1565 1590 1589 1564)
4(1566 1591 1590 1565)
4(1567 1592 1591 1566)
4(1568 1593 1592 1567)
4(1569 1594 1593 1568)
4(1570 1595 1594 1569)
4(1571 1596 1595 1570)
4(1572 1597 1596 1571)
4(1573 1598 1597 1572)
4(1574 1599 1598 1573)
4(1576 1601 1600 1575)
4(1577 1602 1601 1576)
4(1578 1603 1602 1577)
4(1579 1604 1603 1578)
4(1580 1605 1604 1579)
4(1581 1606 1605 1580)
4(1582 1607 1606 1581)
4(1583 1608 1607 1582)
4(1584 1609 1608 1583)
4(1585 1610 1609 1584)
4(1586 1611 1610 1585)
4(1587 1612 1611 1586)
4(1588 1613 1612 1587)
4(1589 1614 1613 1588)
4(1590 1615 1614 1589)
4(1591 1616 1615 1590)
4(1592 1617 1616 1591)
4(1593 1618 1617 1592)
4(1594 1619 1618 1593)
4(1595 1620 1619 1594)
4(1596 1621 1620 1595)
4(1597 1622 1621 1596)
4(1598 1623 1622 1597)
4(1599 1624 1623 1598)
4(1601 1626 1625 1600)
4(1602 1627 1626 1601)
4(1603 1628 1627 1602)
4(1604 1629 1628 1603)
4(1605 1630 1629 1604)
4(1606 1631 1630 1605)
4(1607 1632 1631 1606)
4(1608 1633 1632 1607)
4(1609 1634 1633 1608)
4(1610 1635 1634 1609)
4(1611 1636 1635 1610)
4(1612 1637 1636 1611)
4(1613 1638 1637 1612)
4(1614 1639 1638 1613)
4(1615 1640 1639 1614)
4(1616 1641 1640 1615)
4(1617 1642 1641 1616)
4(1618 1643 1642 1617)
4(1619 1644 1643 1618)
4(1620 1645 1644 1619)
4(1621 1646 1645 1620)
4(1622 1647 1646 1621)
4(1623 1648 1647 1622)
4(1624 1649 1648 1623)
4(1626 1651 1650 1625)
4(1627 1652 1651 1626)
4(1628 1653 1652 1627)
4(1629 1654 1653 1628)
4(1630 1655 1654 1629)
4(1631 1656 1655 1630)
4(1632 1657 1656 1631)
4(1633 1658 1657 1632)
4(1634 1659 1658 1633)
4(1635 1660 1659 1634)
4(1636 1661 1660 1635)
4(1637 1662 1661 1636)
4(1638 1663 1662 1637)
4(1639 1664 1663 1638)
4(1640 1665 1664 1639)
4(1641 1666 1665 1640)
4(1642 1667 1666 1641)
4(1643 1668 1667 1642)
4(1644 1669 1668 1643)
4(1645 1670 1669 1644)
4(1646 1671 1670 1645)
4(1647 1672 1671 1646)
4(1648 1673 1672 1647)
4(1649 1674 1673 1648)
4(1651 1676 1675 1650)
4(1652 1677 1676 1651)
4(1653 1678 1677 1652)
4(1654 1679 1678 1653)
4(1655 1680 1679 1654)
4(1656 1681 1680 1655)
4(1657 1682 1681 1656)
4(1658 1683 1682 1657)
4(1659 1684 1683 1658)
4(1660 1685 1684 1659)
4(1661 1686 1685 1660)
4(1662 1687 1686 1661)
4(1663 1688 1687 1662)
4(1664 1689 1688 1663)
4(1665 1690 1689 1664)
4(1666 1691 1690 1665)
4(1667 1692 1691 1666)
4(1668 1693 1692 1667)
4(1669 1694 1693 1668)
4(1670 1695 1694 1669)
4(1671 1696 1695 1670)
4(1672 1697 1696 1671)
4(1673 1698 1697 1672)
4(1674 1699 1698 1673)
4(1676 1701 1700 1675)
4(1677 1702 1701 1676)
4(1678 1703 1702 1677)
4(1679 1704 1703 1678)
4(1680 1705 1704 1679)
4(1681 1706 1705 1680)
4(1682 1707 1706 1681)
4(1683 1708 1707 1682)
4(1684 1709 1708 1683)
4(1685 1710 1709 1684)
4(1686 1711 1710 1685)
4(1687 1712 1711 1686)
4(1688 1713 1712 1687)
4(1689 1714 1713 1688)
4(1690 1715 1714 1689)
4(1691 1716 1715 1690)
4(1692 1717 1716 1691)
4(1693 1718 1717 1692)
4(1694 1719 1718 1693)
4(1695 1720 1719 1694)
4(1696 1721 1720 1695)
4(1697 1722 1721 1696)
4(1698 1723 1722 1697)
4(1699 1724 1723 1698)
4(1701 1726 1725 1700)
4(1702 1727 1726 1701)
4(1703 1728 1727 1702)
4(1704 1729 1728 1703)
4(1705 1730 1729 1704)
4(1706 1731 1730 1705)
4(1707 1732 1731 1706)
4(1708 1733 1732 1707)
4(1709 1734 1733 1708)
4(1710 1735 1734 1709)
4(1711 1736 1735 1710)
4(1712 1737 1736 1711)
4(1713 1738 1737 1712)
4(1714 1739 1738 1713)
4(1715 1740 1739 1714)
4(1716 1741 1740 1715)
4(1717 1742 1741 1716)
4(1718 1743 1742 1717)
4(1719 1744 1743 1718)
4(1720 1745 1744 1719)
4(1721 1746 1745 1720)
4(1722 1747 1746 1721)
4(1723 1748 1747 1722)
4(1724 1749 1748 1723)
4(1726 1751 1750 1725)
4(1727 1752 1751 1726)
4(1728 1753 1752 1727)
4(1729 1754 1753 1728)
4(1730 1755 1754 1729)
4(1731 1756 1755 1730)
4(1732 1757 1756 1731)
4(1733 1758 1757 1732)
4(1734 1759 1758 1733)
4(1735 1760 1759 1734)
4(1736 1761 1760 1735)
4(1737 1762 1761 1736)
4(1738 1763 1762 1737)
4(1739 1764 1763 1738)
4(1740 1765 1764 1739)
4(1741 1766 1765 1740)
4(1742 1767 1766 1741)
4(1743 1768 1767 1742)
4(1744 1769 1768 1743)
4(1745 1770 1769 1744)
4(1746 1771 1770 1745)
4(1747 1772 1771 1746)
4(1748 1773 1772 1747)
4(1749 1774 1773 1748)
4(1751 1776 1775 1750)
4(1752 1777 1776 1751)
4(1753 1778 1777 1752)
4(1754 1779 1778 1753)
4(1755 1780 1779 1754)
4(1756 1781 1780 1755)
4(1757 1782 1781 1756)
4(1758 1783 1782 1757)
4(1759 1784 1783 1758)
4(1760 1785 1784 1759)
4(1761 1786 1785 1760)
4(1762 1787 1786 1761)
4(1763 1788 1787 1762)
4(1764 1789 1788 1763)
4(1765 1790 1789 1764)
4(1766 1791 1790 1765)
4(1767 1792 1791 1766)
4(1768 1793 1792 1767)
4(1769 1794 1793 1768)
4(1770 1795 1794 1769)
4(1771 1796 1795 1770)
4(1772 1797 1796 1771)
4(1773 1798 1797 1772)
4(1774 1799 1798 1773)
4(1776 1801 1800 1775)
4(1777 1802 1801 1776)
4(1778 1803 1802 1777)
4(1779 1804 1803 1778)
4(1780 1805 1804 1779)
4(1781 1806 1805 1780)
4(1782 1807 1806 1781)
4(1783 1808 1807 1782)
4(1784 1809 1808 1783)
4(1785 1810 1809 1784)
4(1786 1811 1810 1785)
4(1787 1812 1811 1786)
4(1788 1813 1812 1787)
4(1789 1814 1813 1788)
4(1790 1815 1814 1789)
4(1791 1816 1815 1790)
4(1792 1817 1816 1791)
4(1793 1818 1817 1792)
4(1794 1819 1818 1793)
4(1795 1820 1819 1794)
4(1796 1821 1820 1795)
4(1797 1822 1821 1796)
4(1798 1823 1822 1797)
4(1799 1824 1823 1798)
4(1801 1826 1825 1800)
4(1802 1827 1826 1801)
4(1803 1828 1827 1802)
4(1804 1829 1828 1803)
4(1805 1830 1829 1804)
4(1806 1831 1830 1805)
4(1807 1832 1831 1806)
4(1808 1833 1832 1807)
4(1809 1834 1833 1808)
4(1810 1835 1834 1809)
4(1811 1836 1835 1810)
4(1812 1837 1836 1811)
4(1813 1838 1837 1812)
4(1814 1839 1838 1813)
4(1815 1840 1839 1814)
4(1816 1841 1840 1815)
4(1817 1842 1841 1816)
4(1818 1843 1842 1817)
4(1819 1844 1843 1818)
4(1820 1845 1844 1819)
4(1821 1846 1845 1820)
4(1822 1847 1846 1821)
4(1823 1848 1847 1822)
4(1824 1849 1848 1823)
4(1826 1851 1850 1825)
4(1827 1852 1851 1826)
4(1828 1853 1852 1827)
4(1829 1854 1853 1828)
4(1830 1855 1854 1829)
4(1831 1856 1855 1830)
4(1832 1857 1856 1831)
4(1833 1858 1857 1832)
4(1834 1859 1858 1833)
4(1835 1860 1859 1834)
4(1836 1861 1860 1835)
4(1837 1862 1861 1836)
4(1838 1863 1862 1837)
4(1839 1864 1863 1838)
4(1840 1865 1864 1839)
4(1841 1866 1865 1840)
4(1842 1867 1866 1841)
4(1843 1868 1867 1842)
4(1844 1869 1868 1843)
4(1845 1870 1869 1844)
4(1846 1871 1870 1845)
4(1847 1872 1871 1846)
4(1848 1873 1872 1847)
4(1849 1874 1873 1848)
4(1851 1876 1875 1850)
4(1852 1877 1876 1851)
4(1853 1878 1877 1852)
4(1854 1879 1878 1853)
4(1855 1880 1879 1854)
4(1856 1881 1880 1855)
4(1857 1882 1881 1856)
4(1858 1883 1882 1857)
4(1859 1884 1883 1858)
4(1860 1885 1884 1859)
4(1861 1886 1885 1860)
4(1862 1887 1886 1861)
4(1863 1888 1887 1862)
4(1864 1889 1888 1863)
4(1865 1890 1889 1864)
4(1866 1891 1890 1865)
4(1867 1892 1891 1866)
4(1868 1893 1892 1867)
4(1869 1894 1893 1868)
4(1870 1895 1894 1869)
4(1871 1896 1895 1870)
4(1872 1897 1896 1871)
4(1873 1898 1897 1872)
4(1874 1899 1898 1873)
4(1 951 950 0)
4(2 952 951 1)
4(3 953 952 2)
4(4 954 953 3)
4(5 955 954 4)
4(6 956 955 5)
4(7 957 956 6)
4(8 958 957 7)
4(9 959 958 8)
4(10 960 959 9)
4(11 961 960 10)
4(12 962 961 11)
4(13 963 962 12)
4(14 964 963 13)
4(15 965 964 14)
4(16 966 965 15)
4(17 967 966 16)
4(18 968 967 17)
4(19 969 968 18)
4(20 970 969 19)
4(21 971 970 20)
4(22 972 971 21)
4(23 973 972 22)
4(24 974 973 23)
4(948 1898 1899 949)
4(947 1897 1898 948)
4(946 1896 1897 947)
4(945 1895 1896 946)
4(944 1894 1895 945)
4(943 1893 1894 944)
4(942 1892 1893 943)
4(941 1891 1892 942)
4(940 1890 1891 941)
4(939 1889 1890 940)
4(938 1888 1889 939)
4(937 1887 1888 938)
4(936 1886 1887 937)
4(935 1885 1886 936)
4(934 1884 1885 935)
4(933 1883 1884 934)
4(932 1882 1883 933)
4(931 1881 1882 932)
4(930 1880 1881 931)
4(929 1879 1880 930)
4(928 1878 1879 929)
4(927 1877 1878 928)
4(926 1876 1877 927)
4(925 1875 1876 926)
4(1225 1250 300 275)
4(1200 1225 275 250)
4(1175 1200 250 225)
4(1150 1175 225 200)
4(1125 1150 200 175)
4(1100 1125 175 150)
4(1075 1100 150 125)
4(1050 1075 125 100)
4(1025 1050 100 75)
4(1000 1025 75 50)
4(975 1000 50 25)
4(950 975 25 0)
4(49 999 974 24)
4(74 1024 999 49)
4(99 1049 1024 74)
4(124 1074 1049 99)
4(149 1099 1074 124)
4(174 1124 1099 149)
4(199 1149 1124 174)
4(224 1174 1149 199)
4(249 1199 1174 224)
4(274 1224 1199 249)
4(299 1249 1224 274)
4(324 1274 1249 299)
4(349 1299 1274 324)
4(374 1324 1299 349)
4(399 1349 1324 374)
4(424 1374 1349 399)
4(449 1399 1374 424)
4(474 1424 1399 449)
4(499 1449 1424 474)
4(524 1474 1449 499)
4(549 1499 1474 524)
4(574 1524 1499 549)
4(599 1549 1524 574)
4(624 1574 1549 599)
4(649 1599 1574 624)
4(674 1624 1599 649)
4(699 1649 1624 674)
4(724 1674 1649 699)
4(749 1699 1674 724)
4(774 1724 1699 749)
4(799 1749 1724 774)
4(824 1774 1749 799)
4(849 1799 1774 824)
4(874 1824 1799 849)
4(899 1849 1824 874)
4(924 1874 1849 899)
4(949 1899 1874 924)
4(1850 1875 925 900)
4(1825 1850 900 875)
4(1800 1825 875 850)
4(1775 1800 850 825)
4(1750 1775 825 800)
4(1725 1750 800 775)
4(1700 1725 775 750)
4(1675 1700 750 725)
4(1650 1675 725 700)
4(1625 1650 700 675)
4(1600 1625 675 650)
4(1575 1600 650 625)
4(1550 1575 625 600)
4(1525 1550 600 575)
4(1500 1525 575 550)
4(1475 1500 550 525)
4(1450 1475 525 500)
4(1425 1450 500 475)
4(1400 1425 475 450)
4(1375 1400 450 425)
4(1350 1375 425 400)
4(1325 1350 400 375)
4(1300 1325 375 350)
4(1275 1300 350 325)
4(1250 1275 325 300)
)
