FoamFile
{
    version     2.0;
    format      ascii;
    class       vectorField;
    location    "constant/polyMesh";
    object      points;
}

1900      
(
(0 0 0.005)
(0 0.04166666666666671 0.005)
(0 0.08333333333333329 0.005)
(0 0.1249999999999999 0.005)
(0 0.1666666666666666 0.005)
(0 0.2083333333333333 0.005)
(0 0.2499999999999998 0.005)
(0 0.2916666666666664 0.005)
(0 0.3333333333333331 0.005)
(0 0.3749999999999999 0.005)
(0 0.4166666666666665 0.005)
(0 0.4583333333333331 0.005)
(0 0.5 0.005)
(0 0.5416666666666665 0.005)
(0 0.5833333333333331 0.005)
(0 0.6249999999999999 0.005)
(0 0.6666666666666665 0.005)
(0 0.7083333333333333 0.005)
(0 0.7499999999999999 0.005)
(0 0.7916666666666665 0.005)
(0 0.8333333333333333 0.005)
(0 0.875 0.005)
(0 0.9166666666666666 0.005)
(0 0.9583333333333333 0.005)
(0 1 0.005)
(0.0409574713978022 0 0.005)
(0.04094009927874964 0.04166666666666671 0.005000000000000002)
(0.04092272715969708 0.08333333333333326 0.004999999999999999)
(0.04090535504064451 0.1249999999999999 0.005)
(0.04088798292159194 0.1666666666666666 0.005)
(0.04087061080253938 0.2083333333333332 0.004999999999999998)
(0.0408532386834868 0.2499999999999999 0.005)
(0.04083586656443425 0.2916666666666664 0.005)
(0.04081849444538167 0.3333333333333331 0.005000000000000002)
(0.04080112232632912 0.3749999999999999 0.005)
(0.04078375020727654 0.4166666666666665 0.005)
(0.04076637808822398 0.4583333333333331 0.005000000000000001)
(0.04074900596917141 0.5000000000000001 0.004999999999999998)
(0.04073163385011885 0.5416666666666665 0.005)
(0.04071426173106629 0.5833333333333333 0.005)
(0.04069688961201372 0.625 0.005000000000000002)
(0.04067951749296116 0.6666666666666666 0.004999999999999999)
(0.0406621453739086 0.7083333333333333 0.005)
(0.04064477325485603 0.7499999999999999 0.005)
(0.04062740113580345 0.7916666666666666 0.004999999999999998)
(0.04061002901675089 0.8333333333333334 0.005)
(0.04059265689769833 0.8749999999999999 0.005)
(0.04057528477864578 0.9166666666666667 0.005000000000000002)
(0.0405579126595932 0.9583333333333331 0.005)
(0.04054054054054063 1 0.005)
(0.08191494279560441 0 0.005)
(0.08188019855749928 0.04166666666666672 0.005)
(0.08184545431939413 0.08333333333333329 0.005000000000000002)
(0.08181071008128898 0.1249999999999999 0.005)
(0.08177596584318385 0.1666666666666665 0.005)
(0.08174122160507868 0.2083333333333333 0.005000000000000001)
(0.08170647736697355 0.2499999999999999 0.005)
(0.08167173312886841 0.2916666666666664 0.005000000000000002)
(0.08163698889076326 0.3333333333333331 0.005)
(0.08160224465265813 0.3749999999999998 0.004999999999999999)
(0.08156750041455298 0.4166666666666665 0.005)
(0.08153275617644784 0.4583333333333331 0.005000000000000001)
(0.08149801193834269 0.4999999999999999 0.005)
(0.08146326770023755 0.5416666666666667 0.005)
(0.0814285234621324 0.5833333333333333 0.005)
(0.08139377922402727 0.6249999999999999 0.004999999999999999)
(0.08135903498592212 0.6666666666666664 0.005)
(0.08132429074781698 0.7083333333333331 0.005000000000000002)
(0.08128954650971185 0.7499999999999998 0.005)
(0.08125480227160668 0.7916666666666666 0.004999999999999998)
(0.08122005803350155 0.8333333333333333 0.005)
(0.0811853137953964 0.8749999999999998 0.005)
(0.08115056955729127 0.9166666666666666 0.005)
(0.08111582531918611 0.9583333333333333 0.005)
(0.08108108108108099 1 0.005)
(0.1228724141934066 0 0.005)
(0.1228202978362489 0.04166666666666671 0.004999999999999999)
(0.1227681814790912 0.08333333333333326 0.005000000000000001)
(0.1227160651219335 0.1249999999999999 0.005)
(0.1226639487647758 0.1666666666666665 0.005)
(0.1226118324076181 0.2083333333333333 0.005)
(0.1225597160504604 0.2499999999999998 0.004999999999999999)
(0.1225075996933027 0.2916666666666663 0.005)
(0.1224554833361449 0.3333333333333331 0.005)
(0.1224033669789872 0.3749999999999999 0.005000000000000002)
(0.1223512506218295 0.4166666666666666 0.004999999999999999)
(0.1222991342646718 0.458333333333333 0.005)
(0.1222470179075141 0.4999999999999999 0.005)
(0.1221949015503564 0.5416666666666665 0.005)
(0.1221427851931987 0.5833333333333333 0.005)
(0.122090668836041 0.6249999999999998 0.004999999999999999)
(0.1220385524788833 0.6666666666666665 0.005)
(0.1219864361217256 0.7083333333333334 0.005)
(0.1219343197645678 0.7499999999999999 0.005000000000000002)
(0.1218822034074102 0.7916666666666667 0.004999999999999999)
(0.1218300870502524 0.8333333333333333 0.005)
(0.1217779706930947 0.8750000000000001 0.005)
(0.121725854335937 0.9166666666666667 0.005)
(0.1216737379787793 0.9583333333333333 0.005)
(0.1216216216216216 1 0.005)
(0.1638298855912088 0 0.004999999999999999)
(0.1637603971149985 0.0416666666666667 0.004999999999999998)
(0.1636909086387882 0.08333333333333329 0.004999999999999999)
(0.1636214201625779 0.1249999999999999 0.004999999999999998)
(0.1635519316863677 0.1666666666666666 0.005)
(0.1634824432101575 0.2083333333333333 0.005)
(0.1634129547339472 0.2499999999999999 0.004999999999999998)
(0.1633434662577369 0.2916666666666665 0.004999999999999998)
(0.1632739777815267 0.3333333333333333 0.004999999999999998)
(0.1632044893053163 0.3749999999999998 0.005)
(0.1631350008291061 0.4166666666666665 0.004999999999999999)
(0.1630655123528958 0.4583333333333331 0.005)
(0.1629960238766855 0.5 0.004999999999999998)
(0.1629265354004752 0.5416666666666665 0.004999999999999999)
(0.162857046924265 0.5833333333333331 0.005)
(0.1627875584480547 0.6249999999999999 0.004999999999999998)
(0.1627180699718444 0.6666666666666666 0.005000000000000001)
(0.1626485814956342 0.7083333333333334 0.005000000000000002)
(0.1625790930194239 0.7499999999999999 0.004999999999999999)
(0.1625096045432136 0.7916666666666666 0.005000000000000001)
(0.1624401160670033 0.8333333333333331 0.005)
(0.162370627590793 0.8749999999999999 0.004999999999999999)
(0.1623011391145828 0.9166666666666667 0.005000000000000001)
(0.1622316506383725 0.9583333333333335 0.004999999999999998)
(0.1621621621621622 1 0.005)
(0.2047873569890111 0 0.005)
(0.2047004963937482 0.0416666666666667 0.005)
(0.2046136357984853 0.08333333333333329 0.005000000000000001)
(0.2045267752032225 0.1249999999999999 0.005)
(0.2044399146079597 0.1666666666666666 0.005000000000000002)
(0.2043530540126968 0.2083333333333333 0.005)
(0.204266193417434 0.2499999999999999 0.005)
(0.2041793328221711 0.2916666666666664 0.005)
(0.2040924722269082 0.3333333333333331 0.005000000000000002)
(0.2040056116316454 0.3749999999999998 0.005)
(0.2039187510363825 0.4166666666666666 0.005)
(0.2038318904411197 0.458333333333333 0.005)
(0.2037450298458568 0.5000000000000001 0.005000000000000001)
(0.203658169250594 0.5416666666666665 0.005)
(0.2035713086553311 0.5833333333333334 0.005)
(0.2034844480600683 0.6249999999999999 0.005000000000000001)
(0.2033975874648054 0.6666666666666666 0.005000000000000002)
(0.2033107268695426 0.7083333333333335 0.005)
(0.2032238662742797 0.7499999999999998 0.005000000000000001)
(0.2031370056790169 0.7916666666666665 0.005)
(0.203050145083754 0.8333333333333333 0.005000000000000001)
(0.2029632844884912 0.8749999999999999 0.004999999999999999)
(0.2028764238932283 0.9166666666666666 0.004999999999999999)
(0.2027895632979654 0.9583333333333333 0.004999999999999999)
(0.2027027027027026 1 0.005)
(0.2457448283868133 0 0.005)
(0.2456405956724979 0.0416666666666667 0.005000000000000002)
(0.2455363629581824 0.08333333333333329 0.005000000000000001)
(0.245432130243867 0.1249999999999999 0.005)
(0.2453278975295516 0.1666666666666666 0.004999999999999999)
(0.2452236648152362 0.2083333333333333 0.004999999999999998)
(0.2451194321009207 0.2499999999999999 0.005000000000000001)
(0.2450151993866053 0.2916666666666665 0.005)
(0.2449109666722899 0.333333333333333 0.005000000000000001)
(0.2448067339579745 0.3749999999999999 0.005)
(0.244702501243659 0.4166666666666665 0.005000000000000002)
(0.2445982685293436 0.4583333333333332 0.005000000000000001)
(0.2444940358150283 0.5000000000000001 0.005)
(0.2443898031007128 0.5416666666666665 0.004999999999999999)
(0.2442855703863974 0.5833333333333331 0.004999999999999998)
(0.244181337672082 0.6249999999999998 0.005)
(0.2440771049577665 0.6666666666666663 0.005)
(0.2439728722434512 0.7083333333333334 0.005000000000000001)
(0.2438686395291357 0.7499999999999998 0.005)
(0.2437644068148203 0.7916666666666665 0.005000000000000002)
(0.2436601741005049 0.8333333333333333 0.005000000000000001)
(0.2435559413861895 0.8749999999999998 0.005)
(0.243451708671874 0.9166666666666667 0.004999999999999999)
(0.2433474759575586 0.9583333333333335 0.004999999999999998)
(0.2432432432432432 1 0.005)
(0.2867022997846155 0 0.005)
(0.2865806949512474 0.0416666666666667 0.005)
(0.2864590901178795 0.0833333333333333 0.004999999999999999)
(0.2863374852845115 0.1249999999999998 0.005)
(0.2862158804511435 0.1666666666666665 0.005)
(0.2860942756177755 0.2083333333333333 0.005)
(0.2859726707844075 0.2499999999999998 0.005)
(0.2858510659510396 0.2916666666666665 0.004999999999999999)
(0.2857294611176716 0.3333333333333331 0.005)
(0.2856078562843036 0.3749999999999999 0.005)
(0.2854862514509356 0.4166666666666665 0.004999999999999998)
(0.2853646466175676 0.458333333333333 0.004999999999999998)
(0.2852430417841995 0.5 0.004999999999999998)
(0.2851214369508316 0.5416666666666665 0.004999999999999999)
(0.2849998321174636 0.5833333333333333 0.004999999999999999)
(0.2848782272840956 0.6249999999999999 0.004999999999999999)
(0.2847566224507277 0.6666666666666665 0.005)
(0.2846350176173597 0.7083333333333333 0.005)
(0.2845134127839917 0.7499999999999999 0.005)
(0.2843918079506237 0.7916666666666665 0.005)
(0.2842702031172556 0.8333333333333333 0.005000000000000001)
(0.2841485982838876 0.8749999999999999 0.005)
(0.2840269934505197 0.9166666666666667 0.005000000000000002)
(0.2839053886171516 0.9583333333333331 0.005000000000000002)
(0.2837837837837837 1 0.005)
(0.3276597711824176 0 0.005)
(0.3275207942299971 0.04166666666666673 0.004999999999999999)
(0.3273818172775765 0.08333333333333333 0.004999999999999998)
(0.3272428403251559 0.1249999999999999 0.005)
(0.3271038633727353 0.1666666666666666 0.005000000000000002)
(0.3269648864203148 0.2083333333333333 0.004999999999999999)
(0.3268259094678942 0.2499999999999998 0.004999999999999999)
(0.3266869325154737 0.2916666666666665 0.004999999999999998)
(0.3265479555630532 0.3333333333333331 0.005)
(0.3264089786106326 0.3749999999999999 0.004999999999999999)
(0.3262700016582121 0.4166666666666664 0.004999999999999999)
(0.3261310247057915 0.458333333333333 0.005)
(0.3259920477533709 0.5 0.005)
(0.3258530708009503 0.5416666666666665 0.004999999999999998)
(0.3257140938485298 0.5833333333333333 0.004999999999999998)
(0.3255751168961092 0.6249999999999999 0.004999999999999998)
(0.3254361399436886 0.6666666666666667 0.005)
(0.3252971629912682 0.7083333333333334 0.004999999999999999)
(0.3251581860388476 0.7499999999999998 0.004999999999999998)
(0.325019209086427 0.7916666666666665 0.004999999999999998)
(0.3248802321340064 0.8333333333333331 0.005)
(0.3247412551815858 0.8749999999999999 0.004999999999999998)
(0.3246022782291653 0.9166666666666665 0.005)
(0.3244633012767447 0.9583333333333334 0.004999999999999998)
(0.3243243243243242 1 0.004999999999999999)
(0.3686172425802199 0 0.005)
(0.3684608935087468 0.0416666666666667 0.004999999999999998)
(0.3683045444372737 0.08333333333333329 0.005000000000000001)
(0.3681481953658005 0.1249999999999998 0.005)
(0.3679918462943274 0.1666666666666665 0.004999999999999998)
(0.3678354972228542 0.2083333333333332 0.005000000000000001)
(0.367679148151381 0.2499999999999999 0.005)
(0.367522799079908 0.2916666666666664 0.004999999999999998)
(0.3673664500084348 0.3333333333333331 0.005000000000000001)
(0.3672101009369618 0.3749999999999999 0.005)
(0.3670537518654886 0.4166666666666665 0.004999999999999998)
(0.3668974027940154 0.4583333333333331 0.005000000000000001)
(0.3667410537225423 0.5000000000000001 0.005)
(0.3665847046510692 0.5416666666666665 0.004999999999999998)
(0.3664283555795961 0.583333333333333 0.005000000000000001)
(0.366272006508123 0.6249999999999999 0.004999999999999999)
(0.3661156574366499 0.6666666666666665 0.004999999999999998)
(0.3659593083651767 0.7083333333333333 0.005000000000000001)
(0.3658029592937035 0.7499999999999998 0.005)
(0.3656466102222304 0.7916666666666667 0.004999999999999998)
(0.3654902611507573 0.8333333333333333 0.005000000000000001)
(0.3653339120792842 0.875 0.004999999999999999)
(0.365177563007811 0.9166666666666667 0.004999999999999998)
(0.3650212139363379 0.958333333333333 0.005000000000000001)
(0.3648648648648648 1 0.005)
(0.4095747139780221 0 0.005)
(0.4094009927874965 0.0416666666666667 0.005)
(0.4092272715969707 0.08333333333333331 0.004999999999999999)
(0.409053550406445 0.1249999999999999 0.005)
(0.4088798292159193 0.1666666666666666 0.005000000000000001)
(0.4087061080253935 0.2083333333333333 0.005)
(0.408532386834868 0.2499999999999998 0.005)
(0.4083586656443422 0.2916666666666664 0.005)
(0.4081849444538165 0.3333333333333331 0.004999999999999999)
(0.4080112232632908 0.3749999999999999 0.005)
(0.407837502072765 0.4166666666666664 0.005)
(0.4076637808822394 0.4583333333333331 0.004999999999999999)
(0.4074900596917136 0.4999999999999999 0.005)
(0.407316338501188 0.5416666666666665 0.004999999999999999)
(0.4071426173106624 0.5833333333333329 0.004999999999999999)
(0.4069688961201366 0.625 0.004999999999999999)
(0.4067951749296109 0.6666666666666664 0.005)
(0.4066214537390851 0.7083333333333331 0.004999999999999998)
(0.4064477325485595 0.75 0.005000000000000002)
(0.4062740113580339 0.7916666666666665 0.005)
(0.4061002901675081 0.8333333333333333 0.005000000000000002)
(0.4059265689769824 0.875 0.005000000000000001)
(0.4057528477864567 0.9166666666666665 0.005000000000000002)
(0.4055791265959309 0.9583333333333333 0.005000000000000001)
(0.4054054054054053 1 0.005)
(0.4505321853758243 0 0.005)
(0.4503410920662461 0.04166666666666671 0.004999999999999998)
(0.4501499987566678 0.08333333333333331 0.004999999999999999)
(0.4499589054470896 0.1249999999999999 0.005)
(0.4497678121375113 0.1666666666666665 0.005000000000000001)
(0.4495767188279329 0.2083333333333333 0.005)
(0.4493856255183547 0.2499999999999999 0.005)
(0.4491945322087764 0.2916666666666665 0.005)
(0.4490034388991981 0.3333333333333332 0.005)
(0.4488123455896198 0.3749999999999999 0.005000000000000002)
(0.4486212522800415 0.4166666666666665 0.005)
(0.4484301589704634 0.4583333333333331 0.005)
(0.4482390656608851 0.5 0.005)
(0.4480479723513068 0.5416666666666665 0.004999999999999999)
(0.4478568790417286 0.5833333333333333 0.004999999999999999)
(0.4476657857321502 0.625 0.005000000000000001)
(0.4474746924225719 0.6666666666666666 0.005)
(0.4472835991129936 0.7083333333333333 0.005000000000000001)
(0.4470925058034154 0.7500000000000001 0.005000000000000001)
(0.446901412493837 0.7916666666666666 0.005)
(0.4467103191842588 0.833333333333333 0.005000000000000002)
(0.4465192258746806 0.875 0.005000000000000001)
(0.4463281325651023 0.9166666666666667 0.005)
(0.446137039255524 0.9583333333333333 0.005000000000000002)
(0.4459459459459457 1 0.005)
(0.4914896567736265 0 0.005)
(0.4912811913449958 0.0416666666666667 0.005)
(0.4910727259163647 0.08333333333333331 0.004999999999999999)
(0.490864260487734 0.1249999999999999 0.004999999999999999)
(0.4906557950591032 0.1666666666666666 0.004999999999999999)
(0.4904473296304723 0.2083333333333333 0.005)
(0.4902388642018414 0.2499999999999998 0.005)
(0.4900303987732105 0.2916666666666665 0.005)
(0.4898219333445798 0.3333333333333331 0.005)
(0.489613467915949 0.3749999999999999 0.005)
(0.489405002487318 0.4166666666666664 0.005)
(0.4891965370586872 0.4583333333333331 0.005)
(0.4889880716300564 0.5 0.005)
(0.4887796062014255 0.5416666666666665 0.004999999999999999)
(0.4885711407727947 0.5833333333333331 0.005000000000000001)
(0.4883626753441638 0.6249999999999999 0.004999999999999999)
(0.4881542099155329 0.6666666666666666 0.005)
(0.4879457444869021 0.7083333333333334 0.005)
(0.4877372790582713 0.7499999999999998 0.004999999999999998)
(0.4875288136296404 0.7916666666666667 0.005)
(0.4873203482010096 0.8333333333333333 0.004999999999999999)
(0.4871118827723788 0.875 0.005000000000000001)
(0.4869034173437479 0.9166666666666667 0.005)
(0.486694951915117 0.9583333333333331 0.004999999999999998)
(0.4864864864864862 1 0.005)
(0.5319541887452591 0.005634354284696562 0.005)
(0.5317488903403328 0.0470662561895009 0.004999999999999999)
(0.5315435919354065 0.08849815809430514 0.005000000000000001)
(0.5313382935304801 0.1299300599991093 0.005)
(0.5311329951255538 0.1713619619039137 0.005)
(0.5309276967206273 0.212793863808718 0.005000000000000002)
(0.530722398315701 0.2542257657135223 0.005)
(0.5305170999107747 0.2956576676183265 0.005000000000000002)
(0.5303118015058483 0.3370895695231308 0.005)
(0.530106503100922 0.3785214714279352 0.005)
(0.5299012046959957 0.4199533733327395 0.005)
(0.5296959062910693 0.4613852752375437 0.005)
(0.529490607886143 0.5028171771423482 0.005)
(0.5292853094812167 0.5442490790471525 0.004999999999999999)
(0.5290800110762903 0.5856809809519569 0.004999999999999999)
(0.528874712671364 0.627112882856761 0.004999999999999999)
(0.5286694142664374 0.6685447847615653 0.005)
(0.5284641158615111 0.7099766866663699 0.005)
(0.5282588174565848 0.7514085885711741 0.005000000000000001)
(0.5280535190516584 0.7928404904759784 0.004999999999999999)
(0.5278482206467321 0.8342723923807824 0.005000000000000001)
(0.5276429222418059 0.875704294285587 0.005000000000000001)
(0.5274376238368793 0.9171361961903912 0.005000000000000002)
(0.5272323254319531 0.9585680980951956 0.005)
(0.5270270270270266 1 0.005)
(0.5722894261474314 0.01274653306544583 0.005)
(0.5720926820399368 0.05388209418771892 0.005)
(0.5718959379324425 0.09501765530999196 0.004999999999999999)
(0.5716991938249483 0.136153216432265 0.005)
(0.5715024497174538 0.177288777554538 0.005000000000000001)
(0.5713057056099594 0.2184243386768111 0.005)
(0.5711089615024652 0.2595598997990842 0.005)
(0.5709122173949709 0.3006954609213573 0.005)
(0.5707154732874765 0.3418310220436304 0.005000000000000001)
(0.5705187291799823 0.3829665831659035 0.005)
(0.570321985072488 0.4241021442881765 0.005000000000000001)
(0.5701252409649935 0.4652377054104497 0.004999999999999998)
(0.5699284968574991 0.5063732665327229 0.005)
(0.569731752750005 0.5475088276549958 0.005000000000000001)
(0.5695350086425106 0.5886443887772689 0.004999999999999999)
(0.5693382645350163 0.6297799498995422 0.005000000000000001)
(0.5691415204275219 0.6709155110218153 0.004999999999999999)
(0.5689447763200277 0.7120510721440882 0.005)
(0.5687480322125332 0.7531866332663613 0.005)
(0.568551288105039 0.7943221943886346 0.005)
(0.5683545439975446 0.8354577555109075 0.004999999999999998)
(0.5681577998900503 0.8765933166331807 0.005000000000000001)
(0.5679610557825558 0.917728877755454 0.004999999999999999)
(0.5677643116750616 0.958864438877727 0.005)
(0.5675675675675673 1 0.005)
(0.6126246643913298 0.01985870707212318 0.005)
(0.6124364745461952 0.0606979276107847 0.005000000000000001)
(0.6122482847010611 0.1015371481494462 0.004999999999999999)
(0.6120600948559268 0.1423763686881076 0.005)
(0.6118719050107925 0.1832155892267691 0.004999999999999999)
(0.6116837151656584 0.2240548097654307 0.005)
(0.6114955253205241 0.2648940303040922 0.005)
(0.6113073354753898 0.3057332508427537 0.004999999999999998)
(0.6111191456302556 0.3465724713814152 0.004999999999999999)
(0.6109309557851215 0.3874116919200767 0.005000000000000002)
(0.6107427659399871 0.4282509124587384 0.005)
(0.6105545760948529 0.4690901329973999 0.005000000000000001)
(0.6103663862497186 0.5099293535360617 0.005)
(0.6101781964045845 0.550768574074723 0.004999999999999999)
(0.6099900065594502 0.5916077946133844 0.005000000000000001)
(0.609801816714316 0.632447015152046 0.005000000000000001)
(0.6096136268691817 0.6732862356907077 0.005000000000000001)
(0.6094254370240475 0.7141254562293693 0.005)
(0.6092372471789133 0.7549646767680309 0.004999999999999999)
(0.609049057333779 0.7958038973066923 0.005)
(0.6088608674886449 0.8366431178453537 0.004999999999999999)
(0.6086726776435106 0.8774823383840151 0.004999999999999999)
(0.6084844877983764 0.918321558922677 0.005)
(0.608296297953242 0.9591607794613384 0.005000000000000001)
(0.6081081081081079 1 0.005)
(0.6529599131428608 0.02697082148448065 0.005)
(0.6527802771222683 0.06751370392262727 0.004999999999999999)
(0.652600641101676 0.1080565863607738 0.004999999999999998)
(0.6524210050810839 0.1485994687989204 0.005)
(0.6522413690604919 0.189142351237067 0.004999999999999999)
(0.6520617330398996 0.2296852336752137 0.005)
(0.6518820970193073 0.2702281161133603 0.005)
(0.6517024609987151 0.3107709985515069 0.005000000000000002)
(0.6515228249781231 0.3513138809896535 0.005)
(0.651343188957531 0.3918567634278003 0.005)
(0.6511635529369386 0.4323996458659468 0.005000000000000002)
(0.6509839169163466 0.4729425283040934 0.005)
(0.6508042808957544 0.5134854107422404 0.005)
(0.6506246448751623 0.554028293180387 0.004999999999999999)
(0.6504450088545701 0.5945711756185335 0.004999999999999999)
(0.6502653728339781 0.6351140580566802 0.004999999999999999)
(0.6500857368133859 0.6756569404948268 0.005)
(0.6499061007927935 0.7161998229329736 0.005)
(0.6497264647722013 0.75674270537112 0.004999999999999999)
(0.6495468287516093 0.7972855878092667 0.004999999999999999)
(0.6493671927310172 0.8378284702474132 0.004999999999999999)
(0.6491875567104249 0.8783713526855601 0.004999999999999999)
(0.6490079206898328 0.9189142351237066 0.005000000000000001)
(0.6488282846692405 0.9594571175618534 0.005000000000000001)
(0.6486486486486485 1 0.005)
(0.6932951504285546 0.03408300092356274 0.005)
(0.6931240687102473 0.0743295425517476 0.004999999999999999)
(0.6929529869919405 0.1145760841799325 0.004999999999999999)
(0.6927819052736337 0.1548226258081172 0.005)
(0.6926108235553267 0.1950691674363021 0.004999999999999999)
(0.6924397418370198 0.235315709064487 0.005)
(0.692268660118713 0.2755622506926719 0.005000000000000001)
(0.692097578400406 0.3158087923208567 0.005)
(0.6919264966820993 0.3560553339490418 0.005)
(0.6917554149637923 0.3963018755772265 0.004999999999999999)
(0.6915843332454854 0.4365484172054114 0.005)
(0.6914132515271786 0.4767949588335961 0.005)
(0.6912421698088715 0.5170415004617814 0.005)
(0.6910710880905647 0.5572880420899661 0.005000000000000001)
(0.6909000063722579 0.5975345837181509 0.005000000000000001)
(0.6907289246539509 0.6377811253463359 0.005000000000000001)
(0.6905578429356443 0.6780276669745208 0.005)
(0.6903867612173371 0.7182742086027059 0.005)
(0.6902156794990305 0.7585207502308906 0.005000000000000001)
(0.6900445977807235 0.7987672918590755 0.005)
(0.6898735160624164 0.8390138334872603 0.005000000000000001)
(0.6897024343441096 0.8792603751154453 0.005000000000000001)
(0.6895313526258028 0.9195069167436304 0.005)
(0.6893602709074959 0.9597534583718151 0.005000000000000001)
(0.689189189189189 1 0.005)
(0.7336304106459228 0.04119505030919557 0.005)
(0.7334678822744143 0.08114525654631236 0.005)
(0.7333053539029064 0.1210954627834292 0.005000000000000001)
(0.7331428255313982 0.161045669020546 0.004999999999999999)
(0.7329802971598902 0.2009958752576628 0.004999999999999999)
(0.7328177687883822 0.2409460814947796 0.005)
(0.732655240416874 0.2808962877318965 0.005)
(0.732492712045366 0.3208464939690133 0.004999999999999999)
(0.7323301836738582 0.3607967002061301 0.005)
(0.7321676553023502 0.4007469064432471 0.005)
(0.7320051269308422 0.4406971126803639 0.005)
(0.731842598559334 0.4806473189174807 0.005)
(0.7316800701878261 0.5205975251545979 0.005)
(0.731517541816318 0.5605477313917144 0.004999999999999999)
(0.7313550134448098 0.6004979376288313 0.005000000000000001)
(0.731192485073302 0.6404481438659482 0.005000000000000001)
(0.7310299567017938 0.6803983501030648 0.005)
(0.7308674283302858 0.720348556340182 0.005)
(0.7307048999587779 0.7602987625772989 0.004999999999999999)
(0.7305423715872698 0.8002489688144157 0.005000000000000001)
(0.7303798432157618 0.8401991750515324 0.005)
(0.7302173148442536 0.8801493812886494 0.005000000000000001)
(0.7300547864727456 0.9200995875257663 0.005000000000000001)
(0.7298922581012375 0.9600497937628831 0.005000000000000001)
(0.7297297297297296 1 0.005)
(0.7739656490782238 0.04830722324547242 0.005)
(0.7738116749612252 0.08796108894357765 0.005)
(0.7736577008442274 0.1276149546416829 0.004999999999999999)
(0.7735037267272291 0.1672688203397882 0.005)
(0.7733497526102311 0.2069226860378935 0.005)
(0.7731957784932331 0.2465765517359988 0.005)
(0.773041804376235 0.2862304174341042 0.005)
(0.7728878302592368 0.3258842831322095 0.005)
(0.7727338561422388 0.3655381488303148 0.005)
(0.7725798820252409 0.40519201452842 0.005)
(0.7724259079082428 0.4448458802265253 0.005)
(0.7722719337912446 0.4844997459246306 0.005)
(0.7721179596742468 0.5241536116227361 0.005)
(0.7719639855572487 0.5638074773208415 0.004999999999999999)
(0.7718100114402506 0.6034613430189466 0.005000000000000001)
(0.7716560373232526 0.643115208717052 0.005)
(0.7715020632062544 0.6827690744151573 0.005)
(0.7713480890892563 0.7224229401132627 0.005)
(0.7711941149722583 0.7620768058113681 0.005)
(0.7710401408552603 0.8017306715094733 0.005)
(0.7708861667382623 0.8413845372075786 0.005)
(0.7707321926212642 0.8810384029056839 0.005000000000000001)
(0.770578218504266 0.9206922686037892 0.005)
(0.770424244387268 0.9603461343018946 0.005)
(0.7702702702702701 1 0.005)
(0.8143008984030585 0.05541933440642728 0.005)
(0.8141554780867142 0.09477686213949271 0.005)
(0.8140100577703706 0.1341343898725582 0.004999999999999999)
(0.813864637454027 0.1734919176056236 0.005)
(0.8137192171376832 0.2128494453386892 0.005)
(0.8135737968213397 0.2522069730717547 0.005)
(0.8134283765049961 0.2915645008048203 0.005)
(0.8132829561886524 0.3309220285378859 0.005)
(0.8131375358723087 0.3702795562709513 0.005)
(0.8129921155559652 0.4096370840040168 0.005)
(0.8128466952396216 0.4489946117370823 0.005)
(0.8127012749232778 0.4883521394701479 0.005)
(0.8125558546069342 0.5277096672032136 0.005)
(0.8124104342905906 0.5670671949362791 0.004999999999999999)
(0.812265013974247 0.6064247226693446 0.005000000000000001)
(0.8121195936579033 0.6457822504024101 0.005)
(0.8119741733415597 0.6851397781354754 0.005)
(0.811828753025216 0.7244973058685413 0.005)
(0.8116833327088726 0.7638548336016067 0.005)
(0.8115379123925288 0.8032123613346722 0.005)
(0.8113924920761851 0.8425698890677378 0.005)
(0.8112470717598416 0.8819274168008033 0.005000000000000001)
(0.8111016514434979 0.921284944533869 0.005)
(0.8109562311271539 0.9606424722669343 0.005)
(0.8108108108108106 1 0.005)
(0.854636122698892 0.06253158751549562 0.005)
(0.854499257226077 0.1015927713690165 0.004999999999999998)
(0.8543623917532628 0.1406539552225375 0.004999999999999999)
(0.8542255262804488 0.1797151390760585 0.005)
(0.8540886608076346 0.2187763229295795 0.005)
(0.8539517953348204 0.2578375067831005 0.005)
(0.8538149298620062 0.2968986906366216 0.005)
(0.853678064389192 0.3359598744901426 0.005)
(0.8535411989163779 0.3750210583436635 0.005)
(0.8534043334435637 0.4140822421971846 0.005)
(0.8532674679707495 0.4531434260507056 0.005)
(0.8531306024979353 0.4922046099042265 0.005)
(0.8529937370251213 0.5312657937577476 0.005)
(0.852856871552307 0.5703269776112687 0.004999999999999999)
(0.8527200060794928 0.6093881614647896 0.005000000000000001)
(0.8525831406066787 0.6484493453183109 0.005)
(0.8524462751338643 0.6875105291718318 0.005)
(0.8523094096610504 0.7265717130253528 0.005)
(0.8521725441882362 0.7656328968788739 0.005)
(0.852035678715422 0.804694080732395 0.005)
(0.8518988132426077 0.8437552645859158 0.005)
(0.8517619477697935 0.8828164484394367 0.005000000000000001)
(0.8516250822969795 0.9218776322929579 0.005)
(0.8514882168241651 0.9609388161464788 0.005)
(0.8513513513513511 1 0.005)
(0.8949713628510447 0.0696437506978962 0.005)
(0.8948430515610797 0.1084085944188171 0.004999999999999998)
(0.8947147402711149 0.1471734381397381 0.004999999999999999)
(0.8945864289811503 0.185938281860659 0.005)
(0.8944581176911854 0.22470312558158 0.005)
(0.8943298064012208 0.2634679693025009 0.005)
(0.8942014951112562 0.302232813023422 0.005)
(0.8940731838212914 0.340997656744343 0.005)
(0.8939448725313268 0.3797625004652639 0.005)
(0.8938165612413622 0.4185273441861849 0.005)
(0.8936882499513974 0.4572921879071059 0.005)
(0.8935599386614326 0.4960570316280269 0.005)
(0.8934316273714681 0.534821875348948 0.005)
(0.8933033160815033 0.5735867190698689 0.005000000000000001)
(0.8931750047915389 0.6123515627907898 0.005000000000000001)
(0.8930466935015741 0.651116406511711 0.005)
(0.8929183822116092 0.6898812502326319 0.005)
(0.8927900709216444 0.7286460939535528 0.005)
(0.89266175963168 0.767410937674474 0.005)
(0.8925334483417152 0.8061757813953949 0.005)
(0.8924051370517504 0.8449406251163161 0.005)
(0.892276825761786 0.883705468837237 0.004999999999999999)
(0.8921485144718212 0.9224703125581581 0.005)
(0.8920202031818563 0.9612351562790791 0.005)
(0.8918918918918918 1 0.005)
(0.9353066202019538 0.07675581634021052 0.005)
(0.9351868623782231 0.1152243239927017 0.005)
(0.9350671045544932 0.1536928316451928 0.004999999999999999)
(0.9349473467307631 0.1921613392976841 0.005)
(0.9348275889070332 0.2306298469501752 0.005)
(0.934707831083303 0.2690983546026665 0.005)
(0.934588073259573 0.3075668622551577 0.005)
(0.9344683154358431 0.3460353699076489 0.005)
(0.934348557612113 0.3845038775601402 0.005)
(0.9342287997883829 0.4229723852126315 0.005)
(0.9341090419646527 0.4614408928651227 0.005)
(0.9339892841409229 0.4999094005176137 0.005)
(0.9338695263171928 0.5383779081701052 0.005)
(0.9337497684934628 0.5768464158225963 0.004999999999999999)
(0.9336300106697329 0.6153149234750875 0.004999999999999999)
(0.9335102528460026 0.653783431127579 0.005)
(0.9333904950222727 0.6922519387800699 0.005)
(0.9332707371985427 0.7307204464325614 0.005)
(0.9331509793748127 0.7691889540850525 0.005)
(0.9330312215510826 0.8076574617375438 0.005)
(0.9329114637273526 0.846125969390035 0.005)
(0.9327917059036226 0.884594477042526 0.005000000000000001)
(0.9326719480798925 0.9230629846950176 0.005)
(0.9325521902561625 0.9615314923475087 0.005)
(0.9324324324324325 1 0.005)
(0.9756418347518608 0.08386812472179563 0.005)
(0.9755306321777399 0.1220402861917207 0.005)
(0.9754194296036196 0.1602124476616459 0.004999999999999999)
(0.9753082270294994 0.198384609131571 0.005)
(0.9751970244553789 0.2365567706014962 0.005)
(0.9750858218812588 0.2747289320714214 0.005)
(0.9749746193071384 0.3129010935413465 0.005)
(0.9748634167330181 0.3510732550112717 0.005)
(0.9747522141588978 0.3892454164811968 0.005)
(0.9746410115847775 0.4274175779511221 0.005)
(0.9745298090106571 0.4655897394210472 0.005)
(0.9744186064365369 0.5037619008909724 0.005)
(0.9743074038624164 0.5419340623608977 0.005)
(0.9741962012882961 0.5801062238308228 0.004999999999999999)
(0.974084998714176 0.618278385300748 0.005000000000000001)
(0.9739737961400556 0.6564505467706733 0.005)
(0.9738625935659352 0.6946227082405982 0.005)
(0.973751390991815 0.7327948697105238 0.005)
(0.9736401884176948 0.770967031180449 0.005)
(0.9735289858435744 0.8091391926503739 0.005)
(0.9734177832694542 0.8473113541202992 0.005)
(0.9733065806953338 0.8854835155902243 0.005000000000000001)
(0.9731953781212135 0.9236556770601496 0.005)
(0.973084175547093 0.9618278385300747 0.005)
(0.9729729729729728 1 0.005)
(1.015977110825549 0.09098008418076077 0.005)
(1.015874460937547 0.1288559140065623 0.004999999999999998)
(1.015771811049545 0.1667317438323639 0.004999999999999998)
(1.015669161161544 0.2046075736581655 0.004999999999999998)
(1.015566511273543 0.2424834034839671 0.004999999999999998)
(1.015463861385541 0.2803592333097688 0.004999999999999998)
(1.015361211497539 0.3182350631355704 0.004999999999999998)
(1.015258561609538 0.3561108929613721 0.004999999999999998)
(1.015155911721537 0.3939867227871736 0.004999999999999998)
(1.015053261833535 0.4318625526129754 0.004999999999999998)
(1.014950611945534 0.469738382438777 0.005)
(1.014847962057532 0.5076142122645785 0.005)
(1.014745312169531 0.5454900420903803 0.004999999999999998)
(1.014642662281529 0.5833658719161819 0.004999999999999999)
(1.014540012393528 0.6212417017419835 0.004999999999999999)
(1.014437362505527 0.6591175315677853 0.005)
(1.014334712617525 0.6969933613935867 0.004999999999999998)
(1.014232062729524 0.7348691912193885 0.005)
(1.014129412841522 0.7727450210451901 0.005)
(1.014026762953521 0.810620850870992 0.004999999999999998)
(1.013924113065519 0.8484966806967933 0.005)
(1.013821463177518 0.886372510522595 0.005000000000000001)
(1.013718813289516 0.9242483403483965 0.005)
(1.013616163401515 0.9621241701741983 0.005)
(1.013513513513513 1 0.005)
(1.056312332254923 0.09809235354651051 0.005)
(1.056218237329886 0.1356718388154058 0.004999999999999998)
(1.05612414240485 0.1732513240843012 0.004999999999999998)
(1.056030047479814 0.2108308093531964 0.004999999999999998)
(1.055935952554777 0.2484102946220918 0.004999999999999998)
(1.055841857629741 0.2859897798909872 0.005)
(1.055747762704705 0.3235692651598827 0.005)
(1.055653667779669 0.361148750428778 0.004999999999999998)
(1.055559572854633 0.3987282356976734 0.004999999999999998)
(1.055465477929596 0.4363077209665688 0.004999999999999998)
(1.05537138300456 0.4738872062354642 0.004999999999999998)
(1.055277288079524 0.5114666915043597 0.004999999999999998)
(1.055183193154488 0.5490461767732553 0.004999999999999998)
(1.055089098229452 0.5866256620421506 0.005000000000000001)
(1.054995003304416 0.624205147311046 0.004999999999999999)
(1.054900908379379 0.6617846325799414 0.005)
(1.054806813454343 0.6993641178488367 0.004999999999999998)
(1.054712718529307 0.7369436031177323 0.005)
(1.054618623604271 0.7745230883866276 0.005)
(1.054524528679235 0.8121025736555229 0.005)
(1.054430433754198 0.8496820589244183 0.005)
(1.054336338829162 0.8872615441933138 0.005000000000000001)
(1.054242243904127 0.9248410294622094 0.005000000000000001)
(1.05414814897909 0.9624205147311047 0.005)
(1.054054054054054 1 0.005)
(1.09664752406452 0.1052047908687781 0.005)
(1.096561985336606 0.1424879245825789 0.004999999999999998)
(1.096476446608692 0.1797710582963798 0.004999999999999998)
(1.096390907880779 0.2170541920101806 0.005)
(1.096305369152865 0.2543373257239815 0.005)
(1.096219830424952 0.2916204594377824 0.004999999999999998)
(1.096134291697038 0.3289035931515834 0.004999999999999998)
(1.096048752969125 0.3661867268653843 0.004999999999999998)
(1.095963214241211 0.4034698605791852 0.004999999999999998)
(1.095877675513298 0.4407529942929861 0.005)
(1.095792136785384 0.478036128006787 0.004999999999999998)
(1.095706598057471 0.5153192617205881 0.004999999999999998)
(1.095621059329557 0.5526023954343888 0.004999999999999998)
(1.095535520601643 0.5898855291481897 0.004999999999999999)
(1.09544998187373 0.6271686628619908 0.004999999999999999)
(1.095364443145816 0.6644517965757916 0.005)
(1.095278904417903 0.7017349302895926 0.004999999999999998)
(1.095193365689989 0.7390180640033934 0.005)
(1.095107826962076 0.7763011977171945 0.005)
(1.095022288234162 0.8135843314309953 0.004999999999999998)
(1.094936749506249 0.8508674651447963 0.005)
(1.094851210778335 0.8881505988585972 0.005000000000000001)
(1.094765672050421 0.9254337325723981 0.004999999999999999)
(1.094680133322508 0.9627168662861989 0.005)
(1.094594594594595 1 0.005)
(1.136982771658068 0.1123169117819004 0.005)
(1.136905786802945 0.1493037071243211 0.005)
(1.136828801947823 0.1862905024667418 0.004999999999999999)
(1.136751817092701 0.2232772978091626 0.005)
(1.136674832237579 0.2602640931515834 0.005)
(1.136597847382457 0.2972508884940042 0.004999999999999999)
(1.136520862527334 0.334237683836425 0.005)
(1.136443877672212 0.3712244791788459 0.005)
(1.13636689281709 0.4082112745212667 0.005)
(1.136289907961968 0.4451980698636876 0.005)
(1.136212923106846 0.4821848652061083 0.005)
(1.136135938251724 0.5191716605485291 0.005)
(1.136058953396601 0.5561584558909503 0.005)
(1.135981968541479 0.5931452512333709 0.005)
(1.135904983686357 0.6301320465757916 0.005)
(1.135827998831235 0.6671188419182127 0.005)
(1.135751013976113 0.7041056372606334 0.005)
(1.135674029120991 0.7410924326030542 0.005)
(1.135597044265868 0.778079227945475 0.005)
(1.135520059410746 0.8150660232878959 0.005)
(1.135443074555624 0.8520528186303168 0.005)
(1.135366089700502 0.8890396139727375 0.005000000000000001)
(1.13528910484538 0.9260264093151583 0.005000000000000001)
(1.135212119990257 0.9630132046575792 0.005)
(1.135135135135135 1 0.005)
(1.177318019251616 0.1194290326950225 0.005)
(1.177249588269285 0.1561194896660631 0.004999999999999998)
(1.177181157286954 0.1928099466371039 0.004999999999999998)
(1.177112726304623 0.2295004036081445 0.005)
(1.177044295322292 0.2661908605791852 0.005)
(1.176975864339961 0.302881317550226 0.004999999999999999)
(1.176907433357631 0.3395717745212667 0.005)
(1.1768390023753 0.3762622314923076 0.004999999999999999)
(1.176770571392969 0.4129526884633481 0.005)
(1.176702140410638 0.4496431454343888 0.004999999999999998)
(1.176633709428307 0.4863336024054297 0.005000000000000001)
(1.176565278445976 0.5230240593764703 0.004999999999999998)
(1.176496847463645 0.5597145163475112 0.004999999999999998)
(1.176428416481314 0.5964049733185518 0.004999999999999998)
(1.176359985498984 0.6330954302895925 0.004999999999999998)
(1.176291554516653 0.6697858872606335 0.004999999999999998)
(1.176223123534322 0.7064763442316738 0.004999999999999998)
(1.176154692551991 0.7431668012027148 0.004999999999999998)
(1.17608626156966 0.7798572581737555 0.004999999999999999)
(1.17601783058733 0.8165477151447962 0.005)
(1.175949399604999 0.8532381721158371 0.004999999999999998)
(1.175880968622668 0.8899286290868774 0.004999999999999999)
(1.175812537640337 0.9266190860579185 0.004999999999999999)
(1.175744106658006 0.9633095430289592 0.004999999999999998)
(1.175675675675675 1 0.004999999999999999)
(1.217653266845164 0.1265411536081447 0.005000000000000001)
(1.217593389735624 0.1629352722078052 0.004999999999999998)
(1.217533512626085 0.1993293908074659 0.004999999999999999)
(1.217473635516545 0.2357235094071265 0.005)
(1.217413758407006 0.2721176280067869 0.004999999999999999)
(1.217353881297466 0.3085117466064476 0.004999999999999999)
(1.217294004187926 0.3449058652061083 0.005)
(1.217234127078387 0.3812999838057691 0.005)
(1.217174249968847 0.4176941024054296 0.005)
(1.217114372859308 0.4540882210050903 0.005)
(1.217054495749769 0.4904823396047508 0.005)
(1.216994618640229 0.5268764582044114 0.005)
(1.21693474153069 0.5632705768040723 0.005)
(1.216874864421151 0.599664695403733 0.005)
(1.216814987311611 0.6360588140033934 0.005000000000000001)
(1.216755110202072 0.6724529326030542 0.004999999999999999)
(1.216695233092532 0.7088470512027149 0.005)
(1.216635355982993 0.7452411698023753 0.005)
(1.216575478873453 0.7816352884020362 0.005)
(1.216515601763914 0.8180294070016967 0.005)
(1.216455724654374 0.8544235256013575 0.005)
(1.216395847544835 0.8908176442010181 0.005000000000000001)
(1.216335970435295 0.9272117628006786 0.005000000000000001)
(1.216276093325756 0.9636058814003392 0.005)
(1.216216216216216 1 0.005)
(1.257988514438712 0.1336532745212669 0.005)
(1.257937191201964 0.1697510547495474 0.004999999999999998)
(1.257885867965215 0.2058488349778278 0.004999999999999998)
(1.257834544728467 0.2419466152061083 0.004999999999999999)
(1.257783221491719 0.2780443954343889 0.004999999999999998)
(1.257731898254971 0.3141421756626694 0.004999999999999999)
(1.257680575018223 0.3502399558909501 0.004999999999999998)
(1.257629251781475 0.3863377361192307 0.004999999999999998)
(1.257577928544727 0.422435516347511 0.004999999999999998)
(1.257526605307979 0.4585332965757916 0.004999999999999998)
(1.25747528207123 0.4946310768040721 0.004999999999999998)
(1.257423958834482 0.5307288570323527 0.004999999999999998)
(1.257372635597734 0.5668266372606334 0.004999999999999999)
(1.257321312360986 0.6029244174889137 0.004999999999999998)
(1.257269989124238 0.6390221977171943 0.004999999999999998)
(1.25721866588749 0.6751199779454752 0.004999999999999999)
(1.257167342650742 0.7112177581737553 0.004999999999999998)
(1.257116019413993 0.7473155384020361 0.004999999999999998)
(1.257064696177245 0.7834133186303167 0.004999999999999998)
(1.257013372940498 0.8195110988585972 0.004999999999999998)
(1.256962049703749 0.8556088790868777 0.005)
(1.256910726467001 0.8917066593151584 0.005)
(1.256859403230253 0.9278044395434391 0.005000000000000001)
(1.256808079993505 0.9639022197717192 0.005000000000000001)
(1.256756756756757 1 0.005)
(1.29832376203226 0.1407653954343891 0.005)
(1.298280992668303 0.1765668372912895 0.004999999999999998)
(1.298238223304346 0.2123682791481899 0.004999999999999999)
(1.298195453940389 0.2481697210050904 0.005)
(1.298152684576433 0.2839711628619907 0.005)
(1.298109915212476 0.3197726047188912 0.004999999999999999)
(1.298067145848519 0.3555740465757917 0.005)
(1.298024376484562 0.3913754884326923 0.005)
(1.297981607120606 0.4271769302895925 0.004999999999999999)
(1.297938837756649 0.462978372146493 0.005)
(1.297896068392692 0.4987798140033934 0.005)
(1.297853299028735 0.5345812558602937 0.005)
(1.297810529664778 0.5703826977171946 0.005000000000000001)
(1.297767760300822 0.6061841395740949 0.005)
(1.297724990936865 0.6419855814309954 0.005)
(1.297682221572908 0.6777870232878958 0.005)
(1.297639452208951 0.7135884651447963 0.004999999999999999)
(1.297596682844994 0.7493899070016968 0.005)
(1.297553913481038 0.7851913488585973 0.005)
(1.297511144117081 0.8209927907154977 0.005)
(1.297468374753125 0.8567942325723981 0.005)
(1.297425605389167 0.8925956744292985 0.005)
(1.297382836025211 0.928397116286199 0.005000000000000001)
(1.297340066661254 0.9641985581430994 0.005)
(1.297297297297297 1 0.005)
(1.338659009625808 0.1478775163475112 0.005)
(1.338624794134643 0.1833826198330316 0.004999999999999998)
(1.338590578643477 0.2188877233185519 0.004999999999999999)
(1.338556363152311 0.2543928268040722 0.004999999999999999)
(1.338522147661146 0.2898979302895925 0.004999999999999999)
(1.338487932169981 0.3254030337751128 0.004999999999999999)
(1.338453716678816 0.3609081372606334 0.005)
(1.33841950118765 0.3964132407461539 0.005)
(1.338385285696484 0.431918344231674 0.005)
(1.338351070205319 0.4674234477171945 0.005)
(1.338316854714154 0.5029285512027148 0.005)
(1.338282639222988 0.538433654688235 0.005)
(1.338248423731823 0.5739387581737556 0.005)
(1.338214208240657 0.609443861659276 0.005)
(1.338179992749492 0.6449489651447963 0.005)
(1.338145777258327 0.6804540686303165 0.005)
(1.338111561767161 0.7159591721158369 0.005)
(1.338077346275995 0.7514642756013573 0.005)
(1.33804313078483 0.7869693790868777 0.005)
(1.338008915293665 0.8224744825723981 0.004999999999999999)
(1.3379746998025 0.8579795860579184 0.005)
(1.337940484311334 0.893484689543439 0.005)
(1.337906268820168 0.9289897930289591 0.005000000000000001)
(1.337872053329003 0.9644948965144796 0.005)
(1.337837837837838 1 0.005)
(1.378994257219356 0.1549896372606334 0.005)
(1.378968595600981 0.1901984023747737 0.004999999999999998)
(1.378942933982607 0.2254071674889139 0.004999999999999999)
(1.378917272364233 0.2606159326030542 0.005)
(1.37889161074586 0.2958246977171944 0.005)
(1.378865949127485 0.3310334628313348 0.004999999999999999)
(1.378840287509111 0.3662422279454751 0.005)
(1.378814625890737 0.4014509930596153 0.005)
(1.378788964272363 0.4366597581737555 0.004999999999999999)
(1.378763302653989 0.4718685232878957 0.005)
(1.378737641035615 0.5070772884020359 0.005)
(1.378711979417241 0.5422860535161763 0.004999999999999999)
(1.378686317798867 0.5774948186303168 0.005)
(1.378660656180493 0.612703583744457 0.005)
(1.378634994562119 0.6479123488585973 0.004999999999999999)
(1.378609332943745 0.6831211139727376 0.005)
(1.378583671325371 0.7183298790868776 0.005)
(1.378558009706996 0.7535386442010182 0.005)
(1.378532348088622 0.7887474093151583 0.005)
(1.378506686470248 0.8239561744292987 0.004999999999999999)
(1.378481024851874 0.8591649395434388 0.005)
(1.3784553632335 0.894373704657579 0.005)
(1.378429701615127 0.9295824697717195 0.005000000000000001)
(1.378404039996753 0.9647912348858597 0.005)
(1.378378378378378 1 0.005)
(1.419329504812904 0.1621017581737556 0.005)
(1.419312397067321 0.1970141849165158 0.004999999999999998)
(1.419295289321739 0.231926611659276 0.004999999999999999)
(1.419278181576156 0.266839038402036 0.005)
(1.419261073830573 0.3017514651447963 0.005)
(1.41924396608499 0.3366638918875564 0.004999999999999999)
(1.419226858339408 0.3715763186303166 0.005)
(1.419209750593825 0.4064887453730769 0.005)
(1.419192642848242 0.4414011721158369 0.005)
(1.41917553510266 0.4763135988585971 0.005)
(1.419158427357077 0.5112260256013572 0.005)
(1.419141319611494 0.5461384523441175 0.005)
(1.419124211865912 0.5810508790868778 0.005)
(1.419107104120329 0.6159633058296379 0.005)
(1.419089996374746 0.6508757325723982 0.005)
(1.419072888629163 0.6857881593151582 0.005)
(1.419055780883581 0.7207005860579183 0.005)
(1.419038673137998 0.7556130128006787 0.005)
(1.419021565392415 0.7905254395434388 0.005)
(1.419004457646833 0.8254378662861992 0.004999999999999999)
(1.41898734990125 0.8603502930289592 0.005)
(1.418970242155667 0.8952627197717192 0.005)
(1.418953134410084 0.9301751465144796 0.005000000000000001)
(1.418936026664501 0.9650875732572395 0.005)
(1.418918918918919 1 0.005)
(1.459664752406452 0.1692138790868778 0.005)
(1.45965619853366 0.2038299674582579 0.004999999999999998)
(1.459647644660869 0.2384460558296379 0.004999999999999999)
(1.459639090788078 0.273062144201018 0.005)
(1.459630536915287 0.3076782325723981 0.005)
(1.459621983042495 0.3422943209437781 0.004999999999999999)
(1.459613429169704 0.3769104093151583 0.005)
(1.459604875296912 0.4115264976865384 0.005)
(1.459596321424121 0.4461425860579183 0.005)
(1.45958776755133 0.4807586744292984 0.005)
(1.459579213678539 0.5153747628006786 0.005)
(1.459570659805747 0.5499908511720587 0.005)
(1.459562105932956 0.5846069395434389 0.005)
(1.459553552060165 0.6192230279148191 0.005)
(1.459544998187373 0.6538391162861991 0.005)
(1.459536444314581 0.6884552046575789 0.005)
(1.45952789044179 0.7230712930289591 0.005)
(1.459519336568999 0.7576873814003394 0.005)
(1.459510782696207 0.7923034697717195 0.005)
(1.459502228823416 0.8269195581430994 0.004999999999999999)
(1.459493674950625 0.8615356465144794 0.005)
(1.459485121077833 0.8961517348858598 0.005)
(1.459476567205042 0.9307678232572398 0.005000000000000001)
(1.45946801333225 0.9653839116286199 0.005)
(1.459459459459459 1 0.005)
(1.5 0.176326 0.005)
(1.5 0.21064575 0.004999999999999999)
(1.5 0.2449655 0.004999999999999999)
(1.5 0.2792852499999999 0.005)
(1.5 0.3136049999999999 0.005)
(1.5 0.3479247499999999 0.005)
(1.5 0.3822445 0.005)
(1.5 0.41656425 0.005)
(1.5 0.4508839999999998 0.005)
(1.5 0.4852037499999999 0.005)
(1.5 0.5195234999999999 0.005)
(1.5 0.5538432499999999 0.005)
(1.5 0.588163 0.005)
(1.5 0.62248275 0.005)
(1.5 0.6568025 0.005)
(1.5 0.69112225 0.005)
(1.5 0.7254419999999999 0.005)
(1.5 0.75976175 0.005)
(1.5 0.7940815 0.005)
(1.5 0.82840125 0.005)
(1.5 0.862721 0.005)
(1.5 0.8970407499999999 0.005)
(1.5 0.9313605 0.005)
(1.5 0.9656802499999999 0.005)
(1.5 1 0.005)
(0 0 -0.035)
(0 0.04166666666666671 -0.035)
(0 0.08333333333333329 -0.035)
(0 0.1249999999999999 -0.035)
(0 0.1666666666666666 -0.035)
(0 0.2083333333333333 -0.035)
(0 0.2499999999999998 -0.035)
(0 0.2916666666666664 -0.035)
(0 0.3333333333333331 -0.035)
(0 0.3749999999999999 -0.035)
(0 0.4166666666666665 -0.035)
(0 0.4583333333333331 -0.035)
(0 0.5 -0.035)
(0 0.5416666666666665 -0.035)
(0 0.5833333333333331 -0.035)
(0 0.6249999999999999 -0.035)
(0 0.6666666666666665 -0.035)
(0 0.7083333333333333 -0.035)
(0 0.7499999999999999 -0.035)
(0 0.7916666666666665 -0.035)
(0 0.8333333333333333 -0.035)
(0 0.875 -0.035)
(0 0.9166666666666666 -0.035)
(0 0.9583333333333333 -0.035)
(0 1 -0.035)
(0.0409574713978022 0 -0.035)
(0.04094009927874964 0.04166666666666671 -0.035)
(0.04092272715969708 0.08333333333333326 -0.035)
(0.04090535504064451 0.1249999999999999 -0.035)
(0.04088798292159194 0.1666666666666666 -0.035)
(0.04087061080253938 0.2083333333333332 -0.035)
(0.0408532386834868 0.2499999999999999 -0.035)
(0.04083586656443425 0.2916666666666664 -0.035)
(0.04081849444538167 0.3333333333333331 -0.035)
(0.04080112232632912 0.3749999999999999 -0.035)
(0.04078375020727654 0.4166666666666665 -0.035)
(0.04076637808822398 0.4583333333333331 -0.035)
(0.04074900596917141 0.5000000000000001 -0.035)
(0.04073163385011885 0.5416666666666665 -0.035)
(0.04071426173106629 0.5833333333333333 -0.035)
(0.04069688961201372 0.625 -0.035)
(0.04067951749296116 0.6666666666666666 -0.035)
(0.0406621453739086 0.7083333333333333 -0.035)
(0.04064477325485603 0.7499999999999999 -0.035)
(0.04062740113580345 0.7916666666666666 -0.035)
(0.04061002901675089 0.8333333333333334 -0.035)
(0.04059265689769833 0.8749999999999999 -0.035)
(0.04057528477864578 0.9166666666666667 -0.035)
(0.0405579126595932 0.9583333333333331 -0.035)
(0.04054054054054063 1 -0.035)
(0.08191494279560441 0 -0.035)
(0.08188019855749928 0.04166666666666672 -0.035)
(0.08184545431939413 0.08333333333333329 -0.035)
(0.08181071008128898 0.1249999999999999 -0.035)
(0.08177596584318385 0.1666666666666665 -0.035)
(0.08174122160507868 0.2083333333333333 -0.035)
(0.08170647736697355 0.2499999999999999 -0.035)
(0.08167173312886841 0.2916666666666664 -0.035)
(0.08163698889076326 0.3333333333333331 -0.035)
(0.08160224465265813 0.3749999999999998 -0.035)
(0.08156750041455298 0.4166666666666665 -0.035)
(0.08153275617644784 0.4583333333333331 -0.035)
(0.08149801193834269 0.4999999999999999 -0.035)
(0.08146326770023755 0.5416666666666667 -0.035)
(0.0814285234621324 0.5833333333333333 -0.035)
(0.08139377922402727 0.6249999999999999 -0.035)
(0.08135903498592212 0.6666666666666664 -0.035)
(0.08132429074781698 0.7083333333333331 -0.035)
(0.08128954650971185 0.7499999999999998 -0.035)
(0.08125480227160668 0.7916666666666666 -0.035)
(0.08122005803350155 0.8333333333333333 -0.035)
(0.0811853137953964 0.8749999999999998 -0.035)
(0.08115056955729127 0.9166666666666666 -0.035)
(0.08111582531918611 0.9583333333333333 -0.035)
(0.08108108108108099 1 -0.035)
(0.1228724141934066 0 -0.035)
(0.1228202978362489 0.04166666666666671 -0.035)
(0.1227681814790912 0.08333333333333326 -0.035)
(0.1227160651219335 0.1249999999999999 -0.035)
(0.1226639487647758 0.1666666666666665 -0.035)
(0.1226118324076181 0.2083333333333333 -0.035)
(0.1225597160504604 0.2499999999999998 -0.035)
(0.1225075996933027 0.2916666666666663 -0.035)
(0.1224554833361449 0.3333333333333331 -0.035)
(0.1224033669789872 0.3749999999999999 -0.035)
(0.1223512506218295 0.4166666666666666 -0.035)
(0.1222991342646718 0.458333333333333 -0.035)
(0.1222470179075141 0.4999999999999999 -0.035)
(0.1221949015503564 0.5416666666666665 -0.035)
(0.1221427851931987 0.5833333333333333 -0.035)
(0.122090668836041 0.6249999999999998 -0.035)
(0.1220385524788833 0.6666666666666665 -0.035)
(0.1219864361217256 0.7083333333333334 -0.035)
(0.1219343197645678 0.7499999999999999 -0.035)
(0.1218822034074102 0.7916666666666667 -0.035)
(0.1218300870502524 0.8333333333333333 -0.035)
(0.1217779706930947 0.8750000000000001 -0.035)
(0.121725854335937 0.9166666666666667 -0.035)
(0.1216737379787793 0.9583333333333333 -0.035)
(0.1216216216216216 1 -0.035)
(0.1638298855912088 0 -0.035)
(0.1637603971149985 0.0416666666666667 -0.035)
(0.1636909086387882 0.08333333333333329 -0.035)
(0.1636214201625779 0.1249999999999999 -0.035)
(0.1635519316863677 0.1666666666666666 -0.035)
(0.1634824432101575 0.2083333333333333 -0.035)
(0.1634129547339472 0.2499999999999999 -0.035)
(0.1633434662577369 0.2916666666666665 -0.035)
(0.1632739777815267 0.3333333333333333 -0.035)
(0.1632044893053163 0.3749999999999998 -0.035)
(0.1631350008291061 0.4166666666666665 -0.035)
(0.1630655123528958 0.4583333333333331 -0.035)
(0.1629960238766855 0.5 -0.035)
(0.1629265354004752 0.5416666666666665 -0.035)
(0.162857046924265 0.5833333333333331 -0.035)
(0.1627875584480547 0.6249999999999999 -0.035)
(0.1627180699718444 0.6666666666666666 -0.035)
(0.1626485814956342 0.7083333333333334 -0.035)
(0.1625790930194239 0.7499999999999999 -0.035)
(0.1625096045432136 0.7916666666666666 -0.035)
(0.1624401160670033 0.8333333333333331 -0.035)
(0.162370627590793 0.8749999999999999 -0.035)
(0.1623011391145828 0.9166666666666667 -0.035)
(0.1622316506383725 0.9583333333333335 -0.035)
(0.1621621621621622 1 -0.035)
(0.2047873569890111 0 -0.035)
(0.2047004963937482 0.0416666666666667 -0.035)
(0.2046136357984853 0.08333333333333329 -0.035)
(0.2045267752032225 0.1249999999999999 -0.035)
(0.2044399146079597 0.1666666666666666 -0.035)
(0.2043530540126968 0.2083333333333333 -0.035)
(0.204266193417434 0.2499999999999999 -0.035)
(0.2041793328221711 0.2916666666666664 -0.035)
(0.2040924722269082 0.3333333333333331 -0.035)
(0.2040056116316454 0.3749999999999998 -0.035)
(0.2039187510363825 0.4166666666666666 -0.035)
(0.2038318904411197 0.458333333333333 -0.035)
(0.2037450298458568 0.5000000000000001 -0.035)
(0.203658169250594 0.5416666666666665 -0.035)
(0.2035713086553311 0.5833333333333334 -0.035)
(0.2034844480600683 0.6249999999999999 -0.035)
(0.2033975874648054 0.6666666666666666 -0.035)
(0.2033107268695426 0.7083333333333335 -0.035)
(0.2032238662742797 0.7499999999999998 -0.035)
(0.2031370056790169 0.7916666666666665 -0.035)
(0.203050145083754 0.8333333333333333 -0.035)
(0.2029632844884912 0.8749999999999999 -0.035)
(0.2028764238932283 0.9166666666666666 -0.035)
(0.2027895632979654 0.9583333333333333 -0.035)
(0.2027027027027026 1 -0.035)
(0.2457448283868133 0 -0.035)
(0.2456405956724979 0.0416666666666667 -0.035)
(0.2455363629581824 0.08333333333333329 -0.035)
(0.245432130243867 0.1249999999999999 -0.035)
(0.2453278975295516 0.1666666666666666 -0.035)
(0.2452236648152362 0.2083333333333333 -0.035)
(0.2451194321009207 0.2499999999999999 -0.035)
(0.2450151993866053 0.2916666666666665 -0.035)
(0.2449109666722899 0.333333333333333 -0.035)
(0.2448067339579745 0.3749999999999999 -0.035)
(0.244702501243659 0.4166666666666665 -0.035)
(0.2445982685293436 0.4583333333333332 -0.035)
(0.2444940358150283 0.5000000000000001 -0.035)
(0.2443898031007128 0.5416666666666665 -0.035)
(0.2442855703863974 0.5833333333333331 -0.035)
(0.244181337672082 0.6249999999999998 -0.035)
(0.2440771049577665 0.6666666666666663 -0.035)
(0.2439728722434512 0.7083333333333334 -0.035)
(0.2438686395291357 0.7499999999999998 -0.035)
(0.2437644068148203 0.7916666666666665 -0.035)
(0.2436601741005049 0.8333333333333333 -0.035)
(0.2435559413861895 0.8749999999999998 -0.035)
(0.243451708671874 0.9166666666666667 -0.035)
(0.2433474759575586 0.9583333333333335 -0.035)
(0.2432432432432432 1 -0.035)
(0.2867022997846155 0 -0.035)
(0.2865806949512474 0.0416666666666667 -0.035)
(0.2864590901178795 0.0833333333333333 -0.035)
(0.2863374852845115 0.1249999999999998 -0.035)
(0.2862158804511435 0.1666666666666665 -0.035)
(0.2860942756177755 0.2083333333333333 -0.035)
(0.2859726707844075 0.2499999999999998 -0.035)
(0.2858510659510396 0.2916666666666665 -0.035)
(0.2857294611176716 0.3333333333333331 -0.035)
(0.2856078562843036 0.3749999999999999 -0.035)
(0.2854862514509356 0.4166666666666665 -0.035)
(0.2853646466175676 0.458333333333333 -0.035)
(0.2852430417841995 0.5 -0.035)
(0.2851214369508316 0.5416666666666665 -0.035)
(0.2849998321174636 0.5833333333333333 -0.035)
(0.2848782272840956 0.6249999999999999 -0.035)
(0.2847566224507277 0.6666666666666665 -0.035)
(0.2846350176173597 0.7083333333333333 -0.035)
(0.2845134127839917 0.7499999999999999 -0.035)
(0.2843918079506237 0.7916666666666665 -0.035)
(0.2842702031172556 0.8333333333333333 -0.035)
(0.2841485982838876 0.8749999999999999 -0.035)
(0.2840269934505197 0.9166666666666667 -0.035)
(0.2839053886171516 0.9583333333333331 -0.035)
(0.2837837837837837 1 -0.035)
(0.3276597711824176 0 -0.035)
(0.3275207942299971 0.04166666666666673 -0.035)
(0.3273818172775765 0.08333333333333333 -0.035)
(0.3272428403251559 0.1249999999999999 -0.035)
(0.3271038633727353 0.1666666666666666 -0.035)
(0.3269648864203148 0.2083333333333333 -0.035)
(0.3268259094678942 0.2499999999999998 -0.035)
(0.3266869325154737 0.2916666666666665 -0.035)
(0.3265479555630532 0.3333333333333331 -0.035)
(0.3264089786106326 0.3749999999999999 -0.035)
(0.3262700016582121 0.4166666666666664 -0.035)
(0.3261310247057915 0.458333333333333 -0.035)
(0.3259920477533709 0.5 -0.035)
(0.3258530708009503 0.5416666666666665 -0.035)
(0.3257140938485298 0.5833333333333333 -0.035)
(0.3255751168961092 0.6249999999999999 -0.035)
(0.3254361399436886 0.6666666666666667 -0.035)
(0.3252971629912682 0.7083333333333334 -0.035)
(0.3251581860388476 0.7499999999999998 -0.035)
(0.325019209086427 0.7916666666666665 -0.035)
(0.3248802321340064 0.8333333333333331 -0.035)
(0.3247412551815858 0.8749999999999999 -0.035)
(0.3246022782291653 0.9166666666666665 -0.035)
(0.3244633012767447 0.9583333333333334 -0.035)
(0.3243243243243242 1 -0.035)
(0.3686172425802199 0 -0.035)
(0.3684608935087468 0.0416666666666667 -0.035)
(0.3683045444372737 0.08333333333333329 -0.035)
(0.3681481953658005 0.1249999999999998 -0.035)
(0.3679918462943274 0.1666666666666665 -0.035)
(0.3678354972228542 0.2083333333333332 -0.035)
(0.367679148151381 0.2499999999999999 -0.035)
(0.367522799079908 0.2916666666666664 -0.035)
(0.3673664500084348 0.3333333333333331 -0.035)
(0.3672101009369618 0.3749999999999999 -0.035)
(0.3670537518654886 0.4166666666666665 -0.035)
(0.3668974027940154 0.4583333333333331 -0.035)
(0.3667410537225423 0.5000000000000001 -0.035)
(0.3665847046510692 0.5416666666666665 -0.035)
(0.3664283555795961 0.583333333333333 -0.035)
(0.366272006508123 0.6249999999999999 -0.035)
(0.3661156574366499 0.6666666666666665 -0.035)
(0.3659593083651767 0.7083333333333333 -0.035)
(0.3658029592937035 0.7499999999999998 -0.035)
(0.3656466102222304 0.7916666666666667 -0.035)
(0.3654902611507573 0.8333333333333333 -0.035)
(0.3653339120792842 0.875 -0.035)
(0.365177563007811 0.9166666666666667 -0.035)
(0.3650212139363379 0.958333333333333 -0.035)
(0.3648648648648648 1 -0.035)
(0.4095747139780221 0 -0.035)
(0.4094009927874965 0.0416666666666667 -0.035)
(0.4092272715969707 0.08333333333333331 -0.035)
(0.409053550406445 0.1249999999999999 -0.035)
(0.4088798292159193 0.1666666666666666 -0.035)
(0.4087061080253935 0.2083333333333333 -0.035)
(0.408532386834868 0.2499999999999998 -0.035)
(0.4083586656443422 0.2916666666666664 -0.035)
(0.4081849444538165 0.3333333333333331 -0.035)
(0.4080112232632908 0.3749999999999999 -0.035)
(0.407837502072765 0.4166666666666664 -0.035)
(0.4076637808822394 0.4583333333333331 -0.035)
(0.4074900596917136 0.4999999999999999 -0.035)
(0.407316338501188 0.5416666666666665 -0.035)
(0.4071426173106624 0.5833333333333329 -0.035)
(0.4069688961201366 0.625 -0.035)
(0.4067951749296109 0.6666666666666664 -0.035)
(0.4066214537390851 0.7083333333333331 -0.035)
(0.4064477325485595 0.75 -0.035)
(0.4062740113580339 0.7916666666666665 -0.035)
(0.4061002901675081 0.8333333333333333 -0.035)
(0.4059265689769824 0.875 -0.035)
(0.4057528477864567 0.9166666666666665 -0.035)
(0.4055791265959309 0.9583333333333333 -0.035)
(0.4054054054054053 1 -0.035)
(0.4505321853758243 0 -0.035)
(0.4503410920662461 0.04166666666666671 -0.035)
(0.4501499987566678 0.08333333333333331 -0.035)
(0.4499589054470896 0.1249999999999999 -0.035)
(0.4497678121375113 0.1666666666666665 -0.035)
(0.4495767188279329 0.2083333333333333 -0.035)
(0.4493856255183547 0.2499999999999999 -0.035)
(0.4491945322087764 0.2916666666666665 -0.035)
(0.4490034388991981 0.3333333333333332 -0.035)
(0.4488123455896198 0.3749999999999999 -0.035)
(0.4486212522800415 0.4166666666666665 -0.035)
(0.4484301589704634 0.4583333333333331 -0.035)
(0.4482390656608851 0.5 -0.035)
(0.4480479723513068 0.5416666666666665 -0.035)
(0.4478568790417286 0.5833333333333333 -0.035)
(0.4476657857321502 0.625 -0.035)
(0.4474746924225719 0.6666666666666666 -0.035)
(0.4472835991129936 0.7083333333333333 -0.035)
(0.4470925058034154 0.7500000000000001 -0.035)
(0.446901412493837 0.7916666666666666 -0.035)
(0.4467103191842588 0.833333333333333 -0.035)
(0.4465192258746806 0.875 -0.035)
(0.4463281325651023 0.9166666666666667 -0.035)
(0.446137039255524 0.9583333333333333 -0.035)
(0.4459459459459457 1 -0.035)
(0.4914896567736265 0 -0.035)
(0.4912811913449958 0.0416666666666667 -0.035)
(0.4910727259163647 0.08333333333333331 -0.035)
(0.490864260487734 0.1249999999999999 -0.035)
(0.4906557950591032 0.1666666666666666 -0.035)
(0.4904473296304723 0.2083333333333333 -0.035)
(0.4902388642018414 0.2499999999999998 -0.035)
(0.4900303987732105 0.2916666666666665 -0.035)
(0.4898219333445798 0.3333333333333331 -0.035)
(0.489613467915949 0.3749999999999999 -0.035)
(0.489405002487318 0.4166666666666664 -0.035)
(0.4891965370586872 0.4583333333333331 -0.035)
(0.4889880716300564 0.5 -0.035)
(0.4887796062014255 0.5416666666666665 -0.035)
(0.4885711407727947 0.5833333333333331 -0.035)
(0.4883626753441638 0.6249999999999999 -0.035)
(0.4881542099155329 0.6666666666666666 -0.035)
(0.4879457444869021 0.7083333333333334 -0.035)
(0.4877372790582713 0.7499999999999998 -0.035)
(0.4875288136296404 0.7916666666666667 -0.035)
(0.4873203482010096 0.8333333333333333 -0.035)
(0.4871118827723788 0.875 -0.035)
(0.4869034173437479 0.9166666666666667 -0.035)
(0.486694951915117 0.9583333333333331 -0.035)
(0.4864864864864862 1 -0.035)
(0.5319541887452591 0.00563435428469655 -0.035)
(0.5317488903403328 0.0470662561895009 -0.035)
(0.5315435919354065 0.08849815809430514 -0.035)
(0.5313382935304801 0.1299300599991093 -0.035)
(0.5311329951255538 0.1713619619039137 -0.035)
(0.5309276967206273 0.212793863808718 -0.035)
(0.530722398315701 0.2542257657135223 -0.035)
(0.5305170999107747 0.2956576676183265 -0.035)
(0.5303118015058483 0.3370895695231308 -0.035)
(0.530106503100922 0.3785214714279352 -0.035)
(0.5299012046959957 0.4199533733327395 -0.035)
(0.5296959062910693 0.4613852752375437 -0.035)
(0.529490607886143 0.5028171771423482 -0.035)
(0.5292853094812167 0.5442490790471525 -0.035)
(0.5290800110762903 0.5856809809519569 -0.035)
(0.528874712671364 0.627112882856761 -0.035)
(0.5286694142664374 0.6685447847615653 -0.035)
(0.5284641158615111 0.7099766866663699 -0.035)
(0.5282588174565848 0.7514085885711741 -0.035)
(0.5280535190516584 0.7928404904759784 -0.035)
(0.5278482206467321 0.8342723923807824 -0.035)
(0.5276429222418059 0.875704294285587 -0.035)
(0.5274376238368793 0.9171361961903912 -0.035)
(0.5272323254319531 0.9585680980951956 -0.035)
(0.5270270270270266 1 -0.035)
(0.5722894261474312 0.01274653306544579 -0.035)
(0.5720926820399368 0.05388209418771892 -0.035)
(0.5718959379324425 0.09501765530999196 -0.035)
(0.5716991938249483 0.136153216432265 -0.035)
(0.5715024497174538 0.177288777554538 -0.035)
(0.5713057056099594 0.2184243386768111 -0.035)
(0.5711089615024652 0.2595598997990842 -0.035)
(0.5709122173949709 0.3006954609213573 -0.035)
(0.5707154732874765 0.3418310220436304 -0.035)
(0.5705187291799823 0.3829665831659035 -0.035)
(0.570321985072488 0.4241021442881765 -0.035)
(0.5701252409649935 0.4652377054104497 -0.035)
(0.5699284968574991 0.5063732665327229 -0.035)
(0.569731752750005 0.5475088276549958 -0.035)
(0.5695350086425106 0.5886443887772689 -0.035)
(0.5693382645350163 0.6297799498995422 -0.035)
(0.5691415204275219 0.6709155110218153 -0.035)
(0.5689447763200277 0.7120510721440882 -0.035)
(0.5687480322125332 0.7531866332663613 -0.035)
(0.568551288105039 0.7943221943886346 -0.035)
(0.5683545439975446 0.8354577555109075 -0.035)
(0.5681577998900503 0.8765933166331807 -0.035)
(0.5679610557825558 0.917728877755454 -0.035)
(0.5677643116750616 0.958864438877727 -0.035)
(0.5675675675675673 1 -0.035)
(0.6126246643913296 0.01985870707212313 -0.035)
(0.6124364745461952 0.0606979276107847 -0.035)
(0.6122482847010611 0.1015371481494462 -0.035)
(0.6120600948559268 0.1423763686881076 -0.035)
(0.6118719050107925 0.1832155892267691 -0.035)
(0.6116837151656584 0.2240548097654307 -0.035)
(0.6114955253205241 0.2648940303040922 -0.035)
(0.6113073354753898 0.3057332508427537 -0.035)
(0.6111191456302556 0.3465724713814152 -0.035)
(0.6109309557851215 0.3874116919200767 -0.035)
(0.6107427659399871 0.4282509124587384 -0.035)
(0.6105545760948529 0.4690901329973999 -0.035)
(0.6103663862497186 0.5099293535360617 -0.035)
(0.6101781964045845 0.550768574074723 -0.035)
(0.6099900065594502 0.5916077946133844 -0.035)
(0.609801816714316 0.632447015152046 -0.035)
(0.6096136268691817 0.6732862356907077 -0.035)
(0.6094254370240475 0.7141254562293693 -0.035)
(0.6092372471789133 0.7549646767680309 -0.035)
(0.609049057333779 0.7958038973066923 -0.035)
(0.6088608674886449 0.8366431178453537 -0.035)
(0.6086726776435106 0.8774823383840151 -0.035)
(0.6084844877983764 0.918321558922677 -0.035)
(0.608296297953242 0.9591607794613384 -0.035)
(0.6081081081081079 1 -0.035)
(0.6529599131428604 0.02697082148448058 -0.035)
(0.6527802771222683 0.06751370392262727 -0.035)
(0.652600641101676 0.1080565863607738 -0.035)
(0.6524210050810839 0.1485994687989204 -0.035)
(0.6522413690604919 0.189142351237067 -0.035)
(0.6520617330398996 0.2296852336752137 -0.035)
(0.6518820970193073 0.2702281161133603 -0.035)
(0.6517024609987151 0.3107709985515069 -0.035)
(0.6515228249781231 0.3513138809896535 -0.035)
(0.651343188957531 0.3918567634278003 -0.035)
(0.6511635529369386 0.4323996458659468 -0.035)
(0.6509839169163466 0.4729425283040934 -0.035)
(0.6508042808957544 0.5134854107422404 -0.035)
(0.6506246448751623 0.554028293180387 -0.035)
(0.6504450088545701 0.5945711756185335 -0.035)
(0.6502653728339781 0.6351140580566802 -0.035)
(0.6500857368133859 0.6756569404948268 -0.035)
(0.6499061007927935 0.7161998229329736 -0.035)
(0.6497264647722013 0.75674270537112 -0.035)
(0.6495468287516093 0.7972855878092667 -0.035)
(0.6493671927310172 0.8378284702474132 -0.035)
(0.6491875567104249 0.8783713526855601 -0.035)
(0.6490079206898328 0.9189142351237066 -0.035)
(0.6488282846692405 0.9594571175618534 -0.035)
(0.6486486486486485 1 -0.035)
(0.6932951504285543 0.0340830009235627 -0.035)
(0.6931240687102473 0.0743295425517476 -0.035)
(0.6929529869919405 0.1145760841799325 -0.035)
(0.6927819052736337 0.1548226258081172 -0.035)
(0.6926108235553267 0.1950691674363021 -0.035)
(0.6924397418370198 0.235315709064487 -0.035)
(0.692268660118713 0.2755622506926719 -0.035)
(0.692097578400406 0.3158087923208567 -0.035)
(0.6919264966820993 0.3560553339490418 -0.035)
(0.6917554149637923 0.3963018755772265 -0.035)
(0.6915843332454854 0.4365484172054114 -0.035)
(0.6914132515271786 0.4767949588335961 -0.035)
(0.6912421698088715 0.5170415004617814 -0.035)
(0.6910710880905647 0.5572880420899661 -0.035)
(0.6909000063722579 0.5975345837181509 -0.035)
(0.6907289246539509 0.6377811253463359 -0.035)
(0.6905578429356443 0.6780276669745208 -0.035)
(0.6903867612173371 0.7182742086027059 -0.035)
(0.6902156794990305 0.7585207502308906 -0.035)
(0.6900445977807235 0.7987672918590755 -0.035)
(0.6898735160624164 0.8390138334872603 -0.035)
(0.6897024343441096 0.8792603751154453 -0.035)
(0.6895313526258028 0.9195069167436304 -0.035)
(0.6893602709074959 0.9597534583718151 -0.035)
(0.689189189189189 1 -0.035)
(0.7336304106459224 0.04119505030919549 -0.035)
(0.7334678822744143 0.08114525654631236 -0.035)
(0.7333053539029064 0.1210954627834292 -0.035)
(0.7331428255313982 0.161045669020546 -0.035)
(0.7329802971598902 0.2009958752576628 -0.035)
(0.7328177687883822 0.2409460814947796 -0.035)
(0.732655240416874 0.2808962877318965 -0.035)
(0.732492712045366 0.3208464939690133 -0.035)
(0.7323301836738582 0.3607967002061301 -0.035)
(0.7321676553023502 0.4007469064432471 -0.035)
(0.7320051269308422 0.4406971126803639 -0.035)
(0.731842598559334 0.4806473189174807 -0.035)
(0.7316800701878261 0.5205975251545979 -0.035)
(0.731517541816318 0.5605477313917144 -0.035)
(0.7313550134448098 0.6004979376288313 -0.035)
(0.731192485073302 0.6404481438659482 -0.035)
(0.7310299567017938 0.6803983501030648 -0.035)
(0.7308674283302858 0.720348556340182 -0.035)
(0.7307048999587779 0.7602987625772989 -0.035)
(0.7305423715872698 0.8002489688144157 -0.035)
(0.7303798432157618 0.8401991750515324 -0.035)
(0.7302173148442536 0.8801493812886494 -0.035)
(0.7300547864727456 0.9200995875257663 -0.035)
(0.7298922581012375 0.9600497937628831 -0.035)
(0.7297297297297296 1 -0.035)
(0.7739656490782233 0.04830722324547232 -0.035)
(0.7738116749612252 0.08796108894357765 -0.035)
(0.7736577008442274 0.1276149546416829 -0.035)
(0.7735037267272291 0.1672688203397882 -0.035)
(0.7733497526102311 0.2069226860378935 -0.035)
(0.7731957784932331 0.2465765517359988 -0.035)
(0.773041804376235 0.2862304174341042 -0.035)
(0.7728878302592368 0.3258842831322095 -0.035)
(0.7727338561422388 0.3655381488303148 -0.035)
(0.7725798820252409 0.40519201452842 -0.035)
(0.7724259079082428 0.4448458802265253 -0.035)
(0.7722719337912446 0.4844997459246306 -0.035)
(0.7721179596742468 0.5241536116227361 -0.035)
(0.7719639855572487 0.5638074773208415 -0.035)
(0.7718100114402506 0.6034613430189466 -0.035)
(0.7716560373232526 0.643115208717052 -0.035)
(0.7715020632062544 0.6827690744151573 -0.035)
(0.7713480890892563 0.7224229401132627 -0.035)
(0.7711941149722583 0.7620768058113681 -0.035)
(0.7710401408552603 0.8017306715094733 -0.035)
(0.7708861667382623 0.8413845372075786 -0.035)
(0.7707321926212642 0.8810384029056839 -0.035)
(0.770578218504266 0.9206922686037892 -0.035)
(0.770424244387268 0.9603461343018946 -0.035)
(0.7702702702702701 1 -0.035)
(0.8143008984030579 0.05541933440642716 -0.035)
(0.8141554780867142 0.09477686213949271 -0.035)
(0.8140100577703706 0.1341343898725582 -0.035)
(0.813864637454027 0.1734919176056236 -0.035)
(0.8137192171376832 0.2128494453386892 -0.035)
(0.8135737968213397 0.2522069730717547 -0.035)
(0.8134283765049961 0.2915645008048203 -0.035)
(0.8132829561886524 0.3309220285378859 -0.035)
(0.8131375358723087 0.3702795562709513 -0.035)
(0.8129921155559652 0.4096370840040168 -0.035)
(0.8128466952396216 0.4489946117370823 -0.035)
(0.8127012749232778 0.4883521394701479 -0.035)
(0.8125558546069342 0.5277096672032136 -0.035)
(0.8124104342905906 0.5670671949362791 -0.035)
(0.812265013974247 0.6064247226693446 -0.035)
(0.8121195936579033 0.6457822504024101 -0.035)
(0.8119741733415597 0.6851397781354754 -0.035)
(0.811828753025216 0.7244973058685413 -0.035)
(0.8116833327088726 0.7638548336016067 -0.035)
(0.8115379123925288 0.8032123613346722 -0.035)
(0.8113924920761851 0.8425698890677378 -0.035)
(0.8112470717598416 0.8819274168008033 -0.035)
(0.8111016514434979 0.921284944533869 -0.035)
(0.8109562311271539 0.9606424722669343 -0.035)
(0.8108108108108106 1 -0.035)
(0.8546361226988912 0.06253158751549549 -0.035)
(0.854499257226077 0.1015927713690165 -0.035)
(0.8543623917532628 0.1406539552225375 -0.035)
(0.8542255262804488 0.1797151390760585 -0.035)
(0.8540886608076346 0.2187763229295795 -0.035)
(0.8539517953348204 0.2578375067831005 -0.035)
(0.8538149298620062 0.2968986906366216 -0.035)
(0.853678064389192 0.3359598744901426 -0.035)
(0.8535411989163779 0.3750210583436635 -0.035)
(0.8534043334435637 0.4140822421971846 -0.035)
(0.8532674679707495 0.4531434260507056 -0.035)
(0.8531306024979353 0.4922046099042265 -0.035)
(0.8529937370251213 0.5312657937577476 -0.035)
(0.852856871552307 0.5703269776112687 -0.035)
(0.8527200060794928 0.6093881614647896 -0.035)
(0.8525831406066787 0.6484493453183109 -0.035)
(0.8524462751338643 0.6875105291718318 -0.035)
(0.8523094096610504 0.7265717130253528 -0.035)
(0.8521725441882362 0.7656328968788739 -0.035)
(0.852035678715422 0.804694080732395 -0.035)
(0.8518988132426077 0.8437552645859158 -0.035)
(0.8517619477697935 0.8828164484394367 -0.035)
(0.8516250822969795 0.9218776322929579 -0.035)
(0.8514882168241651 0.9609388161464788 -0.035)
(0.8513513513513511 1 -0.035)
(0.8949713628510443 0.06964375069789613 -0.035)
(0.8948430515610797 0.1084085944188171 -0.035)
(0.8947147402711149 0.1471734381397381 -0.035)
(0.8945864289811503 0.185938281860659 -0.035)
(0.8944581176911854 0.22470312558158 -0.035)
(0.8943298064012208 0.2634679693025009 -0.035)
(0.8942014951112562 0.302232813023422 -0.035)
(0.8940731838212914 0.340997656744343 -0.035)
(0.8939448725313268 0.3797625004652639 -0.035)
(0.8938165612413622 0.4185273441861849 -0.035)
(0.8936882499513974 0.4572921879071059 -0.035)
(0.8935599386614326 0.4960570316280269 -0.035)
(0.8934316273714681 0.534821875348948 -0.035)
(0.8933033160815033 0.5735867190698689 -0.035)
(0.8931750047915389 0.6123515627907898 -0.035)
(0.8930466935015741 0.651116406511711 -0.035)
(0.8929183822116092 0.6898812502326319 -0.035)
(0.8927900709216444 0.7286460939535528 -0.035)
(0.89266175963168 0.767410937674474 -0.035)
(0.8925334483417152 0.8061757813953949 -0.035)
(0.8924051370517504 0.8449406251163161 -0.035)
(0.892276825761786 0.883705468837237 -0.035)
(0.8921485144718212 0.9224703125581581 -0.035)
(0.8920202031818563 0.9612351562790791 -0.035)
(0.8918918918918918 1 -0.035)
(0.9353066202019532 0.07675581634021042 -0.035)
(0.9351868623782231 0.1152243239927017 -0.035)
(0.9350671045544932 0.1536928316451928 -0.035)
(0.9349473467307631 0.1921613392976841 -0.035)
(0.9348275889070332 0.2306298469501752 -0.035)
(0.934707831083303 0.2690983546026665 -0.035)
(0.934588073259573 0.3075668622551577 -0.035)
(0.9344683154358431 0.3460353699076489 -0.035)
(0.934348557612113 0.3845038775601402 -0.035)
(0.9342287997883829 0.4229723852126315 -0.035)
(0.9341090419646527 0.4614408928651227 -0.035)
(0.9339892841409229 0.4999094005176137 -0.035)
(0.9338695263171928 0.5383779081701052 -0.035)
(0.9337497684934628 0.5768464158225963 -0.035)
(0.9336300106697329 0.6153149234750875 -0.035)
(0.9335102528460026 0.653783431127579 -0.035)
(0.9333904950222727 0.6922519387800699 -0.035)
(0.9332707371985427 0.7307204464325614 -0.035)
(0.9331509793748127 0.7691889540850525 -0.035)
(0.9330312215510826 0.8076574617375438 -0.035)
(0.9329114637273526 0.846125969390035 -0.035)
(0.9327917059036226 0.884594477042526 -0.035)
(0.9326719480798925 0.9230629846950176 -0.035)
(0.9325521902561625 0.9615314923475087 -0.035)
(0.9324324324324325 1 -0.035)
(0.9756418347518602 0.0838681247217955 -0.035)
(0.9755306321777399 0.1220402861917207 -0.035)
(0.9754194296036196 0.1602124476616459 -0.035)
(0.9753082270294994 0.198384609131571 -0.035)
(0.9751970244553789 0.2365567706014962 -0.035)
(0.9750858218812588 0.2747289320714214 -0.035)
(0.9749746193071384 0.3129010935413465 -0.035)
(0.9748634167330181 0.3510732550112717 -0.035)
(0.9747522141588978 0.3892454164811968 -0.035)
(0.9746410115847775 0.4274175779511221 -0.035)
(0.9745298090106571 0.4655897394210472 -0.035)
(0.9744186064365369 0.5037619008909724 -0.035)
(0.9743074038624164 0.5419340623608977 -0.035)
(0.9741962012882961 0.5801062238308228 -0.035)
(0.974084998714176 0.618278385300748 -0.035)
(0.9739737961400556 0.6564505467706733 -0.035)
(0.9738625935659352 0.6946227082405982 -0.035)
(0.973751390991815 0.7327948697105238 -0.035)
(0.9736401884176948 0.770967031180449 -0.035)
(0.9735289858435744 0.8091391926503739 -0.035)
(0.9734177832694542 0.8473113541202992 -0.035)
(0.9733065806953338 0.8854835155902243 -0.035)
(0.9731953781212135 0.9236556770601496 -0.035)
(0.973084175547093 0.9618278385300747 -0.035)
(0.9729729729729728 1 -0.035)
(1.015977110825548 0.09098008418076065 -0.035)
(1.015874460937547 0.1288559140065623 -0.035)
(1.015771811049545 0.1667317438323639 -0.035)
(1.015669161161544 0.2046075736581655 -0.035)
(1.015566511273543 0.2424834034839671 -0.035)
(1.015463861385541 0.2803592333097688 -0.035)
(1.015361211497539 0.3182350631355704 -0.035)
(1.015258561609538 0.3561108929613721 -0.035)
(1.015155911721537 0.3939867227871736 -0.035)
(1.015053261833535 0.4318625526129754 -0.035)
(1.014950611945534 0.469738382438777 -0.035)
(1.014847962057532 0.5076142122645785 -0.035)
(1.014745312169531 0.5454900420903803 -0.035)
(1.014642662281529 0.5833658719161819 -0.035)
(1.014540012393528 0.6212417017419835 -0.035)
(1.014437362505527 0.6591175315677853 -0.035)
(1.014334712617525 0.6969933613935867 -0.035)
(1.014232062729524 0.7348691912193885 -0.035)
(1.014129412841522 0.7727450210451901 -0.035)
(1.014026762953521 0.810620850870992 -0.035)
(1.013924113065519 0.8484966806967933 -0.035)
(1.013821463177518 0.886372510522595 -0.035)
(1.013718813289516 0.9242483403483965 -0.035)
(1.013616163401515 0.9621241701741983 -0.035)
(1.013513513513513 1 -0.035)
(1.056312332254922 0.09809235354651036 -0.035)
(1.056218237329886 0.1356718388154058 -0.035)
(1.05612414240485 0.1732513240843012 -0.035)
(1.056030047479814 0.2108308093531964 -0.035)
(1.055935952554777 0.2484102946220918 -0.035)
(1.055841857629741 0.2859897798909872 -0.035)
(1.055747762704705 0.3235692651598827 -0.035)
(1.055653667779669 0.361148750428778 -0.035)
(1.055559572854633 0.3987282356976734 -0.035)
(1.055465477929596 0.4363077209665688 -0.035)
(1.05537138300456 0.4738872062354642 -0.035)
(1.055277288079524 0.5114666915043597 -0.035)
(1.055183193154488 0.5490461767732553 -0.035)
(1.055089098229452 0.5866256620421506 -0.035)
(1.054995003304416 0.624205147311046 -0.035)
(1.054900908379379 0.6617846325799414 -0.035)
(1.054806813454343 0.6993641178488367 -0.035)
(1.054712718529307 0.7369436031177323 -0.035)
(1.054618623604271 0.7745230883866276 -0.035)
(1.054524528679235 0.8121025736555229 -0.035)
(1.054430433754198 0.8496820589244183 -0.035)
(1.054336338829162 0.8872615441933138 -0.035)
(1.054242243904127 0.9248410294622094 -0.035)
(1.05414814897909 0.9624205147311047 -0.035)
(1.054054054054054 1 -0.035)
(1.096647524064519 0.105204790868778 -0.035)
(1.096561985336606 0.1424879245825789 -0.035)
(1.096476446608692 0.1797710582963798 -0.035)
(1.096390907880779 0.2170541920101806 -0.035)
(1.096305369152865 0.2543373257239815 -0.035)
(1.096219830424952 0.2916204594377824 -0.035)
(1.096134291697038 0.3289035931515834 -0.035)
(1.096048752969125 0.3661867268653843 -0.035)
(1.095963214241211 0.4034698605791852 -0.035)
(1.095877675513298 0.4407529942929861 -0.035)
(1.095792136785384 0.478036128006787 -0.035)
(1.095706598057471 0.5153192617205881 -0.035)
(1.095621059329557 0.5526023954343888 -0.035)
(1.095535520601643 0.5898855291481897 -0.035)
(1.09544998187373 0.6271686628619908 -0.035)
(1.095364443145816 0.6644517965757916 -0.035)
(1.095278904417903 0.7017349302895926 -0.035)
(1.095193365689989 0.7390180640033934 -0.035)
(1.095107826962076 0.7763011977171945 -0.035)
(1.095022288234162 0.8135843314309953 -0.035)
(1.094936749506249 0.8508674651447963 -0.035)
(1.094851210778335 0.8881505988585972 -0.035)
(1.094765672050421 0.9254337325723981 -0.035)
(1.094680133322508 0.9627168662861989 -0.035)
(1.094594594594595 1 -0.035)
(1.136982771658067 0.1123169117819002 -0.035)
(1.136905786802945 0.1493037071243211 -0.035)
(1.136828801947823 0.1862905024667418 -0.035)
(1.136751817092701 0.2232772978091626 -0.035)
(1.136674832237579 0.2602640931515834 -0.035)
(1.136597847382457 0.2972508884940042 -0.035)
(1.136520862527334 0.334237683836425 -0.035)
(1.136443877672212 0.3712244791788459 -0.035)
(1.13636689281709 0.4082112745212667 -0.035)
(1.136289907961968 0.4451980698636876 -0.035)
(1.136212923106846 0.4821848652061083 -0.035)
(1.136135938251724 0.5191716605485291 -0.035)
(1.136058953396601 0.5561584558909503 -0.035)
(1.135981968541479 0.5931452512333709 -0.035)
(1.135904983686357 0.6301320465757916 -0.035)
(1.135827998831235 0.6671188419182127 -0.035)
(1.135751013976113 0.7041056372606334 -0.035)
(1.135674029120991 0.7410924326030542 -0.035)
(1.135597044265868 0.778079227945475 -0.035)
(1.135520059410746 0.8150660232878959 -0.035)
(1.135443074555624 0.8520528186303168 -0.035)
(1.135366089700502 0.8890396139727375 -0.035)
(1.13528910484538 0.9260264093151583 -0.035)
(1.135212119990257 0.9630132046575792 -0.035)
(1.135135135135135 1 -0.035)
(1.177318019251615 0.1194290326950224 -0.035)
(1.177249588269285 0.1561194896660631 -0.035)
(1.177181157286954 0.1928099466371039 -0.035)
(1.177112726304623 0.2295004036081445 -0.035)
(1.177044295322292 0.2661908605791852 -0.035)
(1.176975864339961 0.302881317550226 -0.035)
(1.176907433357631 0.3395717745212667 -0.035)
(1.1768390023753 0.3762622314923076 -0.035)
(1.176770571392969 0.4129526884633481 -0.035)
(1.176702140410638 0.4496431454343888 -0.035)
(1.176633709428307 0.4863336024054297 -0.035)
(1.176565278445976 0.5230240593764703 -0.035)
(1.176496847463645 0.5597145163475112 -0.035)
(1.176428416481314 0.5964049733185518 -0.035)
(1.176359985498984 0.6330954302895925 -0.035)
(1.176291554516653 0.6697858872606335 -0.035)
(1.176223123534322 0.7064763442316738 -0.035)
(1.176154692551991 0.7431668012027148 -0.035)
(1.17608626156966 0.7798572581737555 -0.035)
(1.17601783058733 0.8165477151447962 -0.035)
(1.175949399604999 0.8532381721158371 -0.035)
(1.175880968622668 0.8899286290868774 -0.035)
(1.175812537640337 0.9266190860579185 -0.035)
(1.175744106658006 0.9633095430289592 -0.035)
(1.175675675675675 1 -0.035)
(1.217653266845163 0.1265411536081446 -0.035)
(1.217593389735624 0.1629352722078052 -0.035)
(1.217533512626085 0.1993293908074659 -0.035)
(1.217473635516545 0.2357235094071265 -0.035)
(1.217413758407006 0.2721176280067869 -0.035)
(1.217353881297466 0.3085117466064476 -0.035)
(1.217294004187926 0.3449058652061083 -0.035)
(1.217234127078387 0.3812999838057691 -0.035)
(1.217174249968847 0.4176941024054296 -0.035)
(1.217114372859308 0.4540882210050903 -0.035)
(1.217054495749769 0.4904823396047508 -0.035)
(1.216994618640229 0.5268764582044114 -0.035)
(1.21693474153069 0.5632705768040723 -0.035)
(1.216874864421151 0.599664695403733 -0.035)
(1.216814987311611 0.6360588140033934 -0.035)
(1.216755110202072 0.6724529326030542 -0.035)
(1.216695233092532 0.7088470512027149 -0.035)
(1.216635355982993 0.7452411698023753 -0.035)
(1.216575478873453 0.7816352884020362 -0.035)
(1.216515601763914 0.8180294070016967 -0.035)
(1.216455724654374 0.8544235256013575 -0.035)
(1.216395847544835 0.8908176442010181 -0.035)
(1.216335970435295 0.9272117628006786 -0.035)
(1.216276093325756 0.9636058814003392 -0.035)
(1.216216216216216 1 -0.035)
(1.257988514438712 0.1336532745212668 -0.035)
(1.257937191201964 0.1697510547495474 -0.035)
(1.257885867965215 0.2058488349778278 -0.035)
(1.257834544728467 0.2419466152061083 -0.035)
(1.257783221491719 0.2780443954343889 -0.035)
(1.257731898254971 0.3141421756626694 -0.035)
(1.257680575018223 0.3502399558909501 -0.035)
(1.257629251781475 0.3863377361192307 -0.035)
(1.257577928544727 0.422435516347511 -0.035)
(1.257526605307979 0.4585332965757916 -0.035)
(1.25747528207123 0.4946310768040721 -0.035)
(1.257423958834482 0.5307288570323527 -0.035)
(1.257372635597734 0.5668266372606334 -0.035)
(1.257321312360986 0.6029244174889137 -0.035)
(1.257269989124238 0.6390221977171943 -0.035)
(1.25721866588749 0.6751199779454752 -0.035)
(1.257167342650742 0.7112177581737553 -0.035)
(1.257116019413993 0.7473155384020361 -0.035)
(1.257064696177245 0.7834133186303167 -0.035)
(1.257013372940498 0.8195110988585972 -0.035)
(1.256962049703749 0.8556088790868777 -0.035)
(1.256910726467001 0.8917066593151584 -0.035)
(1.256859403230253 0.9278044395434391 -0.035)
(1.256808079993505 0.9639022197717192 -0.035)
(1.256756756756757 1 -0.035)
(1.29832376203226 0.140765395434389 -0.035)
(1.298280992668303 0.1765668372912895 -0.035)
(1.298238223304346 0.2123682791481899 -0.035)
(1.298195453940389 0.2481697210050904 -0.035)
(1.298152684576433 0.2839711628619907 -0.035)
(1.298109915212476 0.3197726047188912 -0.035)
(1.298067145848519 0.3555740465757917 -0.035)
(1.298024376484562 0.3913754884326923 -0.035)
(1.297981607120606 0.4271769302895925 -0.035)
(1.297938837756649 0.462978372146493 -0.035)
(1.297896068392692 0.4987798140033934 -0.035)
(1.297853299028735 0.5345812558602937 -0.035)
(1.297810529664778 0.5703826977171946 -0.035)
(1.297767760300822 0.6061841395740949 -0.035)
(1.297724990936865 0.6419855814309954 -0.035)
(1.297682221572908 0.6777870232878958 -0.035)
(1.297639452208951 0.7135884651447963 -0.035)
(1.297596682844994 0.7493899070016968 -0.035)
(1.297553913481038 0.7851913488585973 -0.035)
(1.297511144117081 0.8209927907154977 -0.035)
(1.297468374753125 0.8567942325723981 -0.035)
(1.297425605389167 0.8925956744292985 -0.035)
(1.297382836025211 0.928397116286199 -0.035)
(1.297340066661254 0.9641985581430994 -0.035)
(1.297297297297297 1 -0.035)
(1.338659009625808 0.1478775163475112 -0.035)
(1.338624794134643 0.1833826198330316 -0.035)
(1.338590578643477 0.2188877233185519 -0.035)
(1.338556363152311 0.2543928268040722 -0.035)
(1.338522147661146 0.2898979302895925 -0.035)
(1.338487932169981 0.3254030337751128 -0.035)
(1.338453716678816 0.3609081372606334 -0.035)
(1.33841950118765 0.3964132407461539 -0.035)
(1.338385285696484 0.431918344231674 -0.035)
(1.338351070205319 0.4674234477171945 -0.035)
(1.338316854714154 0.5029285512027148 -0.035)
(1.338282639222988 0.538433654688235 -0.035)
(1.338248423731823 0.5739387581737556 -0.035)
(1.338214208240657 0.609443861659276 -0.035)
(1.338179992749492 0.6449489651447963 -0.035)
(1.338145777258327 0.6804540686303165 -0.035)
(1.338111561767161 0.7159591721158369 -0.035)
(1.338077346275995 0.7514642756013573 -0.035)
(1.33804313078483 0.7869693790868777 -0.035)
(1.338008915293665 0.8224744825723981 -0.035)
(1.3379746998025 0.8579795860579184 -0.035)
(1.337940484311334 0.893484689543439 -0.035)
(1.337906268820168 0.9289897930289591 -0.035)
(1.337872053329003 0.9644948965144796 -0.035)
(1.337837837837838 1 -0.035)
(1.378994257219356 0.1549896372606334 -0.035)
(1.378968595600981 0.1901984023747737 -0.035)
(1.378942933982607 0.2254071674889139 -0.035)
(1.378917272364233 0.2606159326030542 -0.035)
(1.37889161074586 0.2958246977171944 -0.035)
(1.378865949127485 0.3310334628313348 -0.035)
(1.378840287509111 0.3662422279454751 -0.035)
(1.378814625890737 0.4014509930596153 -0.035)
(1.378788964272363 0.4366597581737555 -0.035)
(1.378763302653989 0.4718685232878957 -0.035)
(1.378737641035615 0.5070772884020359 -0.035)
(1.378711979417241 0.5422860535161763 -0.035)
(1.378686317798867 0.5774948186303168 -0.035)
(1.378660656180493 0.612703583744457 -0.035)
(1.378634994562119 0.6479123488585973 -0.035)
(1.378609332943745 0.6831211139727376 -0.035)
(1.378583671325371 0.7183298790868776 -0.035)
(1.378558009706996 0.7535386442010182 -0.035)
(1.378532348088622 0.7887474093151583 -0.035)
(1.378506686470248 0.8239561744292987 -0.035)
(1.378481024851874 0.8591649395434388 -0.035)
(1.3784553632335 0.894373704657579 -0.035)
(1.378429701615127 0.9295824697717195 -0.035)
(1.378404039996753 0.9647912348858597 -0.035)
(1.378378378378378 1 -0.035)
(1.419329504812904 0.1621017581737556 -0.035)
(1.419312397067321 0.1970141849165158 -0.035)
(1.419295289321739 0.231926611659276 -0.035)
(1.419278181576156 0.266839038402036 -0.035)
(1.419261073830573 0.3017514651447963 -0.035)
(1.41924396608499 0.3366638918875564 -0.035)
(1.419226858339408 0.3715763186303166 -0.035)
(1.419209750593825 0.4064887453730769 -0.035)
(1.419192642848242 0.4414011721158369 -0.035)
(1.41917553510266 0.4763135988585971 -0.035)
(1.419158427357077 0.5112260256013572 -0.035)
(1.419141319611494 0.5461384523441175 -0.035)
(1.419124211865912 0.5810508790868778 -0.035)
(1.419107104120329 0.6159633058296379 -0.035)
(1.419089996374746 0.6508757325723982 -0.035)
(1.419072888629163 0.6857881593151582 -0.035)
(1.419055780883581 0.7207005860579183 -0.035)
(1.419038673137998 0.7556130128006787 -0.035)
(1.419021565392415 0.7905254395434388 -0.035)
(1.419004457646833 0.8254378662861992 -0.035)
(1.41898734990125 0.8603502930289592 -0.035)
(1.418970242155667 0.8952627197717192 -0.035)
(1.418953134410084 0.9301751465144796 -0.035)
(1.418936026664501 0.9650875732572395 -0.035)
(1.418918918918919 1 -0.035)
(1.459664752406452 0.1692138790868778 -0.035)
(1.45965619853366 0.2038299674582579 -0.035)
(1.459647644660869 0.2384460558296379 -0.035)
(1.459639090788078 0.273062144201018 -0.035)
(1.459630536915287 0.3076782325723981 -0.035)
(1.459621983042495 0.3422943209437781 -0.035)
(1.459613429169704 0.3769104093151583 -0.035)
(1.459604875296912 0.4115264976865384 -0.035)
(1.459596321424121 0.4461425860579183 -0.035)
(1.45958776755133 0.4807586744292984 -0.035)
(1.459579213678539 0.5153747628006786 -0.035)
(1.459570659805747 0.5499908511720587 -0.035)
(1.459562105932956 0.5846069395434389 -0.035)
(1.459553552060165 0.6192230279148191 -0.035)
(1.459544998187373 0.6538391162861991 -0.035)
(1.459536444314581 0.6884552046575789 -0.035)
(1.45952789044179 0.7230712930289591 -0.035)
(1.459519336568999 0.7576873814003394 -0.035)
(1.459510782696207 0.7923034697717195 -0.035)
(1.459502228823416 0.8269195581430994 -0.035)
(1.459493674950625 0.8615356465144794 -0.035)
(1.459485121077833 0.8961517348858598 -0.035)
(1.459476567205042 0.9307678232572398 -0.035)
(1.45946801333225 0.9653839116286199 -0.035)
(1.459459459459459 1 -0.035)
(1.5 0.176326 -0.035)
(1.5 0.21064575 -0.035)
(1.5 0.2449655 -0.035)
(1.5 0.2792852499999999 -0.035)
(1.5 0.3136049999999999 -0.035)
(1.5 0.3479247499999999 -0.035)
(1.5 0.3822445 -0.035)
(1.5 0.41656425 -0.035)
(1.5 0.4508839999999998 -0.035)
(1.5 0.4852037499999999 -0.035)
(1.5 0.5195234999999999 -0.035)
(1.5 0.5538432499999999 -0.035)
(1.5 0.588163 -0.035)
(1.5 0.62248275 -0.035)
(1.5 0.6568025 -0.035)
(1.5 0.69112225 -0.035)
(1.5 0.7254419999999999 -0.035)
(1.5 0.75976175 -0.035)
(1.5 0.7940815 -0.035)
(1.5 0.82840125 -0.035)
(1.5 0.862721 -0.035)
(1.5 0.8970407499999999 -0.035)
(1.5 0.9313605 -0.035)
(1.5 0.9656802499999999 -0.035)
(1.5 1 -0.035)
)
