/*--------------------------------*- C++ -*----------------------------------*\
  =========                 |
  \\      /  F ield         | OpenFOAM: The Open Source CFD Toolbox
   \\    /   O peration     | Website:  https://openfoam.org
    \\  /    A nd           | Version:  6
     \\/     M anipulation  |
\*---------------------------------------------------------------------------*/
FoamFile
{
    version     2.0;
    format      ascii;
    class       labelList;
    note        "nPoints:7752  nCells:3750  nFaces:15125  nInternalFaces:7375";
    location    "constant/polyMesh";
    object      owner;
}
// * * * * * * * * * * * * * * * * * * * * * * * * * * * * * * * * * * * * * //


15125
(
0
0
1
1
2
2
3
3
4
4
5
5
6
6
7
7
8
8
9
9
10
10
11
11
12
12
13
13
14
14
15
15
16
16
17
17
18
18
19
19
20
20
21
21
22
22
23
23
24
24
25
25
26
26
27
27
28
28
29
29
30
30
31
31
32
32
33
33
34
34
35
35
36
36
37
37
38
38
39
39
40
40
41
41
42
42
43
43
44
44
45
45
46
46
47
47
48
48
49
49
50
50
51
51
52
52
53
53
54
54
55
55
56
56
57
57
58
58
59
59
60
60
61
61
62
62
63
63
64
64
65
65
66
66
67
67
68
68
69
69
70
70
71
71
72
72
73
73
74
74
75
75
76
76
77
77
78
78
79
79
80
80
81
81
82
82
83
83
84
84
85
85
86
86
87
87
88
88
89
89
90
90
91
91
92
92
93
93
94
94
95
95
96
96
97
97
98
98
99
99
100
100
101
101
102
102
103
103
104
104
105
105
106
106
107
107
108
108
109
109
110
110
111
111
112
112
113
113
114
114
115
115
116
116
117
117
118
118
119
119
120
120
121
121
122
122
123
123
124
124
125
125
126
126
127
127
128
128
129
129
130
130
131
131
132
132
133
133
134
134
135
135
136
136
137
137
138
138
139
139
140
140
141
141
142
142
143
143
144
144
145
145
146
146
147
147
148
148
149
149
150
150
151
151
152
152
153
153
154
154
155
155
156
156
157
157
158
158
159
159
160
160
161
161
162
162
163
163
164
164
165
165
166
166
167
167
168
168
169
169
170
170
171
171
172
172
173
173
174
174
175
175
176
176
177
177
178
178
179
179
180
180
181
181
182
182
183
183
184
184
185
185
186
186
187
187
188
188
189
189
190
190
191
191
192
192
193
193
194
194
195
195
196
196
197
197
198
198
199
199
200
200
201
201
202
202
203
203
204
204
205
205
206
206
207
207
208
208
209
209
210
210
211
211
212
212
213
213
214
214
215
215
216
216
217
217
218
218
219
219
220
220
221
221
222
222
223
223
224
224
225
225
226
226
227
227
228
228
229
229
230
230
231
231
232
232
233
233
234
234
235
235
236
236
237
237
238
238
239
239
240
240
241
241
242
242
243
243
244
244
245
245
246
246
247
247
248
248
249
249
250
250
251
251
252
252
253
253
254
254
255
255
256
256
257
257
258
258
259
259
260
260
261
261
262
262
263
263
264
264
265
265
266
266
267
267
268
268
269
269
270
270
271
271
272
272
273
273
274
274
275
275
276
276
277
277
278
278
279
279
280
280
281
281
282
282
283
283
284
284
285
285
286
286
287
287
288
288
289
289
290
290
291
291
292
292
293
293
294
294
295
295
296
296
297
297
298
298
299
299
300
300
301
301
302
302
303
303
304
304
305
305
306
306
307
307
308
308
309
309
310
310
311
311
312
312
313
313
314
314
315
315
316
316
317
317
318
318
319
319
320
320
321
321
322
322
323
323
324
324
325
325
326
326
327
327
328
328
329
329
330
330
331
331
332
332
333
333
334
334
335
335
336
336
337
337
338
338
339
339
340
340
341
341
342
342
343
343
344
344
345
345
346
346
347
347
348
348
349
349
350
350
351
351
352
352
353
353
354
354
355
355
356
356
357
357
358
358
359
359
360
360
361
361
362
362
363
363
364
364
365
365
366
366
367
367
368
368
369
369
370
370
371
371
372
372
373
373
374
374
375
375
376
376
377
377
378
378
379
379
380
380
381
381
382
382
383
383
384
384
385
385
386
386
387
387
388
388
389
389
390
390
391
391
392
392
393
393
394
394
395
395
396
396
397
397
398
398
399
399
400
400
401
401
402
402
403
403
404
404
405
405
406
406
407
407
408
408
409
409
410
410
411
411
412
412
413
413
414
414
415
415
416
416
417
417
418
418
419
419
420
420
421
421
422
422
423
423
424
424
425
425
426
426
427
427
428
428
429
429
430
430
431
431
432
432
433
433
434
434
435
435
436
436
437
437
438
438
439
439
440
440
441
441
442
442
443
443
444
444
445
445
446
446
447
447
448
448
449
449
450
450
451
451
452
452
453
453
454
454
455
455
456
456
457
457
458
458
459
459
460
460
461
461
462
462
463
463
464
464
465
465
466
466
467
467
468
468
469
469
470
470
471
471
472
472
473
473
474
474
475
475
476
476
477
477
478
478
479
479
480
480
481
481
482
482
483
483
484
484
485
485
486
486
487
487
488
488
489
489
490
490
491
491
492
492
493
493
494
494
495
495
496
496
497
497
498
498
499
499
500
500
501
501
502
502
503
503
504
504
505
505
506
506
507
507
508
508
509
509
510
510
511
511
512
512
513
513
514
514
515
515
516
516
517
517
518
518
519
519
520
520
521
521
522
522
523
523
524
524
525
525
526
526
527
527
528
528
529
529
530
530
531
531
532
532
533
533
534
534
535
535
536
536
537
537
538
538
539
539
540
540
541
541
542
542
543
543
544
544
545
545
546
546
547
547
548
548
549
549
550
550
551
551
552
552
553
553
554
554
555
555
556
556
557
557
558
558
559
559
560
560
561
561
562
562
563
563
564
564
565
565
566
566
567
567
568
568
569
569
570
570
571
571
572
572
573
573
574
574
575
575
576
576
577
577
578
578
579
579
580
580
581
581
582
582
583
583
584
584
585
585
586
586
587
587
588
588
589
589
590
590
591
591
592
592
593
593
594
594
595
595
596
596
597
597
598
598
599
599
600
600
601
601
602
602
603
603
604
604
605
605
606
606
607
607
608
608
609
609
610
610
611
611
612
612
613
613
614
614
615
615
616
616
617
617
618
618
619
619
620
620
621
621
622
622
623
623
624
624
625
625
626
626
627
627
628
628
629
629
630
630
631
631
632
632
633
633
634
634
635
635
636
636
637
637
638
638
639
639
640
640
641
641
642
642
643
643
644
644
645
645
646
646
647
647
648
648
649
649
650
650
651
651
652
652
653
653
654
654
655
655
656
656
657
657
658
658
659
659
660
660
661
661
662
662
663
663
664
664
665
665
666
666
667
667
668
668
669
669
670
670
671
671
672
672
673
673
674
674
675
675
676
676
677
677
678
678
679
679
680
680
681
681
682
682
683
683
684
684
685
685
686
686
687
687
688
688
689
689
690
690
691
691
692
692
693
693
694
694
695
695
696
696
697
697
698
698
699
699
700
700
701
701
702
702
703
703
704
704
705
705
706
706
707
707
708
708
709
709
710
710
711
711
712
712
713
713
714
714
715
715
716
716
717
717
718
718
719
719
720
720
721
721
722
722
723
723
724
724
725
725
726
726
727
727
728
728
729
729
730
730
731
731
732
732
733
733
734
734
735
735
736
736
737
737
738
738
739
739
740
740
741
741
742
742
743
743
744
744
745
745
746
746
747
747
748
748
749
749
750
750
751
751
752
752
753
753
754
754
755
755
756
756
757
757
758
758
759
759
760
760
761
761
762
762
763
763
764
764
765
765
766
766
767
767
768
768
769
769
770
770
771
771
772
772
773
773
774
774
775
775
776
776
777
777
778
778
779
779
780
780
781
781
782
782
783
783
784
784
785
785
786
786
787
787
788
788
789
789
790
790
791
791
792
792
793
793
794
794
795
795
796
796
797
797
798
798
799
799
800
800
801
801
802
802
803
803
804
804
805
805
806
806
807
807
808
808
809
809
810
810
811
811
812
812
813
813
814
814
815
815
816
816
817
817
818
818
819
819
820
820
821
821
822
822
823
823
824
824
825
825
826
826
827
827
828
828
829
829
830
830
831
831
832
832
833
833
834
834
835
835
836
836
837
837
838
838
839
839
840
840
841
841
842
842
843
843
844
844
845
845
846
846
847
847
848
848
849
849
850
850
851
851
852
852
853
853
854
854
855
855
856
856
857
857
858
858
859
859
860
860
861
861
862
862
863
863
864
864
865
865
866
866
867
867
868
868
869
869
870
870
871
871
872
872
873
873
874
874
875
875
876
876
877
877
878
878
879
879
880
880
881
881
882
882
883
883
884
884
885
885
886
886
887
887
888
888
889
889
890
890
891
891
892
892
893
893
894
894
895
895
896
896
897
897
898
898
899
899
900
900
901
901
902
902
903
903
904
904
905
905
906
906
907
907
908
908
909
909
910
910
911
911
912
912
913
913
914
914
915
915
916
916
917
917
918
918
919
919
920
920
921
921
922
922
923
923
924
924
925
925
926
926
927
927
928
928
929
929
930
930
931
931
932
932
933
933
934
934
935
935
936
936
937
937
938
938
939
939
940
940
941
941
942
942
943
943
944
944
945
945
946
946
947
947
948
948
949
949
950
950
951
951
952
952
953
953
954
954
955
955
956
956
957
957
958
958
959
959
960
960
961
961
962
962
963
963
964
964
965
965
966
966
967
967
968
968
969
969
970
970
971
971
972
972
973
973
974
974
975
975
976
976
977
977
978
978
979
979
980
980
981
981
982
982
983
983
984
984
985
985
986
986
987
987
988
988
989
989
990
990
991
991
992
992
993
993
994
994
995
995
996
996
997
997
998
998
999
999
1000
1000
1001
1001
1002
1002
1003
1003
1004
1004
1005
1005
1006
1006
1007
1007
1008
1008
1009
1009
1010
1010
1011
1011
1012
1012
1013
1013
1014
1014
1015
1015
1016
1016
1017
1017
1018
1018
1019
1019
1020
1020
1021
1021
1022
1022
1023
1023
1024
1024
1025
1025
1026
1026
1027
1027
1028
1028
1029
1029
1030
1030
1031
1031
1032
1032
1033
1033
1034
1034
1035
1035
1036
1036
1037
1037
1038
1038
1039
1039
1040
1040
1041
1041
1042
1042
1043
1043
1044
1044
1045
1045
1046
1046
1047
1047
1048
1048
1049
1049
1050
1050
1051
1051
1052
1052
1053
1053
1054
1054
1055
1055
1056
1056
1057
1057
1058
1058
1059
1059
1060
1060
1061
1061
1062
1062
1063
1063
1064
1064
1065
1065
1066
1066
1067
1067
1068
1068
1069
1069
1070
1070
1071
1071
1072
1072
1073
1073
1074
1074
1075
1075
1076
1076
1077
1077
1078
1078
1079
1079
1080
1080
1081
1081
1082
1082
1083
1083
1084
1084
1085
1085
1086
1086
1087
1087
1088
1088
1089
1089
1090
1090
1091
1091
1092
1092
1093
1093
1094
1094
1095
1095
1096
1096
1097
1097
1098
1098
1099
1099
1100
1100
1101
1101
1102
1102
1103
1103
1104
1104
1105
1105
1106
1106
1107
1107
1108
1108
1109
1109
1110
1110
1111
1111
1112
1112
1113
1113
1114
1114
1115
1115
1116
1116
1117
1117
1118
1118
1119
1119
1120
1120
1121
1121
1122
1122
1123
1123
1124
1124
1125
1125
1126
1126
1127
1127
1128
1128
1129
1129
1130
1130
1131
1131
1132
1132
1133
1133
1134
1134
1135
1135
1136
1136
1137
1137
1138
1138
1139
1139
1140
1140
1141
1141
1142
1142
1143
1143
1144
1144
1145
1145
1146
1146
1147
1147
1148
1148
1149
1149
1150
1150
1151
1151
1152
1152
1153
1153
1154
1154
1155
1155
1156
1156
1157
1157
1158
1158
1159
1159
1160
1160
1161
1161
1162
1162
1163
1163
1164
1164
1165
1165
1166
1166
1167
1167
1168
1168
1169
1169
1170
1170
1171
1171
1172
1172
1173
1173
1174
1174
1175
1175
1176
1176
1177
1177
1178
1178
1179
1179
1180
1180
1181
1181
1182
1182
1183
1183
1184
1184
1185
1185
1186
1186
1187
1187
1188
1188
1189
1189
1190
1190
1191
1191
1192
1192
1193
1193
1194
1194
1195
1195
1196
1196
1197
1197
1198
1198
1199
1199
1200
1200
1201
1201
1202
1202
1203
1203
1204
1204
1205
1205
1206
1206
1207
1207
1208
1208
1209
1209
1210
1210
1211
1211
1212
1212
1213
1213
1214
1214
1215
1215
1216
1216
1217
1217
1218
1218
1219
1219
1220
1220
1221
1221
1222
1222
1223
1223
1224
1224
1225
1225
1226
1226
1227
1227
1228
1228
1229
1229
1230
1230
1231
1231
1232
1232
1233
1233
1234
1234
1235
1235
1236
1236
1237
1237
1238
1238
1239
1239
1240
1240
1241
1241
1242
1242
1243
1243
1244
1244
1245
1245
1246
1246
1247
1247
1248
1248
1249
1249
1250
1250
1251
1251
1252
1252
1253
1253
1254
1254
1255
1255
1256
1256
1257
1257
1258
1258
1259
1259
1260
1260
1261
1261
1262
1262
1263
1263
1264
1264
1265
1265
1266
1266
1267
1267
1268
1268
1269
1269
1270
1270
1271
1271
1272
1272
1273
1273
1274
1275
1275
1276
1276
1277
1277
1278
1278
1279
1279
1280
1280
1281
1281
1282
1282
1283
1283
1284
1284
1285
1285
1286
1286
1287
1287
1288
1288
1289
1289
1290
1290
1291
1291
1292
1292
1293
1293
1294
1294
1295
1295
1296
1296
1297
1297
1298
1298
1299
1299
1300
1300
1301
1301
1302
1302
1303
1303
1304
1304
1305
1305
1306
1306
1307
1307
1308
1308
1309
1309
1310
1310
1311
1311
1312
1312
1313
1313
1314
1314
1315
1315
1316
1316
1317
1317
1318
1318
1319
1319
1320
1320
1321
1321
1322
1322
1323
1323
1324
1325
1325
1326
1326
1327
1327
1328
1328
1329
1329
1330
1330
1331
1331
1332
1332
1333
1333
1334
1334
1335
1335
1336
1336
1337
1337
1338
1338
1339
1339
1340
1340
1341
1341
1342
1342
1343
1343
1344
1344
1345
1345
1346
1346
1347
1347
1348
1348
1349
1349
1350
1350
1351
1351
1352
1352
1353
1353
1354
1354
1355
1355
1356
1356
1357
1357
1358
1358
1359
1359
1360
1360
1361
1361
1362
1362
1363
1363
1364
1364
1365
1365
1366
1366
1367
1367
1368
1368
1369
1369
1370
1370
1371
1371
1372
1372
1373
1373
1374
1375
1375
1376
1376
1377
1377
1378
1378
1379
1379
1380
1380
1381
1381
1382
1382
1383
1383
1384
1384
1385
1385
1386
1386
1387
1387
1388
1388
1389
1389
1390
1390
1391
1391
1392
1392
1393
1393
1394
1394
1395
1395
1396
1396
1397
1397
1398
1398
1399
1399
1400
1400
1401
1401
1402
1402
1403
1403
1404
1404
1405
1405
1406
1406
1407
1407
1408
1408
1409
1409
1410
1410
1411
1411
1412
1412
1413
1413
1414
1414
1415
1415
1416
1416
1417
1417
1418
1418
1419
1419
1420
1420
1421
1421
1422
1422
1423
1423
1424
1425
1425
1426
1426
1427
1427
1428
1428
1429
1429
1430
1430
1431
1431
1432
1432
1433
1433
1434
1434
1435
1435
1436
1436
1437
1437
1438
1438
1439
1439
1440
1440
1441
1441
1442
1442
1443
1443
1444
1444
1445
1445
1446
1446
1447
1447
1448
1448
1449
1449
1450
1450
1451
1451
1452
1452
1453
1453
1454
1454
1455
1455
1456
1456
1457
1457
1458
1458
1459
1459
1460
1460
1461
1461
1462
1462
1463
1463
1464
1464
1465
1465
1466
1466
1467
1467
1468
1468
1469
1469
1470
1470
1471
1471
1472
1472
1473
1473
1474
1475
1475
1476
1476
1477
1477
1478
1478
1479
1479
1480
1480
1481
1481
1482
1482
1483
1483
1484
1484
1485
1485
1486
1486
1487
1487
1488
1488
1489
1489
1490
1490
1491
1491
1492
1492
1493
1493
1494
1494
1495
1495
1496
1496
1497
1497
1498
1498
1499
1499
1500
1500
1501
1501
1502
1502
1503
1503
1504
1504
1505
1505
1506
1506
1507
1507
1508
1508
1509
1509
1510
1510
1511
1511
1512
1512
1513
1513
1514
1514
1515
1515
1516
1516
1517
1517
1518
1518
1519
1519
1520
1520
1521
1521
1522
1522
1523
1523
1524
1525
1525
1526
1526
1527
1527
1528
1528
1529
1529
1530
1530
1531
1531
1532
1532
1533
1533
1534
1534
1535
1535
1536
1536
1537
1537
1538
1538
1539
1539
1540
1540
1541
1541
1542
1542
1543
1543
1544
1544
1545
1545
1546
1546
1547
1547
1548
1548
1549
1549
1550
1550
1551
1551
1552
1552
1553
1553
1554
1554
1555
1555
1556
1556
1557
1557
1558
1558
1559
1559
1560
1560
1561
1561
1562
1562
1563
1563
1564
1564
1565
1565
1566
1566
1567
1567
1568
1568
1569
1569
1570
1570
1571
1571
1572
1572
1573
1573
1574
1575
1575
1576
1576
1577
1577
1578
1578
1579
1579
1580
1580
1581
1581
1582
1582
1583
1583
1584
1584
1585
1585
1586
1586
1587
1587
1588
1588
1589
1589
1590
1590
1591
1591
1592
1592
1593
1593
1594
1594
1595
1595
1596
1596
1597
1597
1598
1598
1599
1599
1600
1600
1601
1601
1602
1602
1603
1603
1604
1604
1605
1605
1606
1606
1607
1607
1608
1608
1609
1609
1610
1610
1611
1611
1612
1612
1613
1613
1614
1614
1615
1615
1616
1616
1617
1617
1618
1618
1619
1619
1620
1620
1621
1621
1622
1622
1623
1623
1624
1625
1625
1626
1626
1627
1627
1628
1628
1629
1629
1630
1630
1631
1631
1632
1632
1633
1633
1634
1634
1635
1635
1636
1636
1637
1637
1638
1638
1639
1639
1640
1640
1641
1641
1642
1642
1643
1643
1644
1644
1645
1645
1646
1646
1647
1647
1648
1648
1649
1649
1650
1650
1651
1651
1652
1652
1653
1653
1654
1654
1655
1655
1656
1656
1657
1657
1658
1658
1659
1659
1660
1660
1661
1661
1662
1662
1663
1663
1664
1664
1665
1665
1666
1666
1667
1667
1668
1668
1669
1669
1670
1670
1671
1671
1672
1672
1673
1673
1674
1675
1675
1676
1676
1677
1677
1678
1678
1679
1679
1680
1680
1681
1681
1682
1682
1683
1683
1684
1684
1685
1685
1686
1686
1687
1687
1688
1688
1689
1689
1690
1690
1691
1691
1692
1692
1693
1693
1694
1694
1695
1695
1696
1696
1697
1697
1698
1698
1699
1699
1700
1700
1701
1701
1702
1702
1703
1703
1704
1704
1705
1705
1706
1706
1707
1707
1708
1708
1709
1709
1710
1710
1711
1711
1712
1712
1713
1713
1714
1714
1715
1715
1716
1716
1717
1717
1718
1718
1719
1719
1720
1720
1721
1721
1722
1722
1723
1723
1724
1725
1725
1726
1726
1727
1727
1728
1728
1729
1729
1730
1730
1731
1731
1732
1732
1733
1733
1734
1734
1735
1735
1736
1736
1737
1737
1738
1738
1739
1739
1740
1740
1741
1741
1742
1742
1743
1743
1744
1744
1745
1745
1746
1746
1747
1747
1748
1748
1749
1749
1750
1750
1751
1751
1752
1752
1753
1753
1754
1754
1755
1755
1756
1756
1757
1757
1758
1758
1759
1759
1760
1760
1761
1761
1762
1762
1763
1763
1764
1764
1765
1765
1766
1766
1767
1767
1768
1768
1769
1769
1770
1770
1771
1771
1772
1772
1773
1773
1774
1775
1775
1776
1776
1777
1777
1778
1778
1779
1779
1780
1780
1781
1781
1782
1782
1783
1783
1784
1784
1785
1785
1786
1786
1787
1787
1788
1788
1789
1789
1790
1790
1791
1791
1792
1792
1793
1793
1794
1794
1795
1795
1796
1796
1797
1797
1798
1798
1799
1799
1800
1800
1801
1801
1802
1802
1803
1803
1804
1804
1805
1805
1806
1806
1807
1807
1808
1808
1809
1809
1810
1810
1811
1811
1812
1812
1813
1813
1814
1814
1815
1815
1816
1816
1817
1817
1818
1818
1819
1819
1820
1820
1821
1821
1822
1822
1823
1823
1824
1825
1825
1826
1826
1827
1827
1828
1828
1829
1829
1830
1830
1831
1831
1832
1832
1833
1833
1834
1834
1835
1835
1836
1836
1837
1837
1838
1838
1839
1839
1840
1840
1841
1841
1842
1842
1843
1843
1844
1844
1845
1845
1846
1846
1847
1847
1848
1848
1849
1849
1850
1850
1851
1851
1852
1852
1853
1853
1854
1854
1855
1855
1856
1856
1857
1857
1858
1858
1859
1859
1860
1860
1861
1861
1862
1862
1863
1863
1864
1864
1865
1865
1866
1866
1867
1867
1868
1868
1869
1869
1870
1870
1871
1871
1872
1872
1873
1873
1874
1875
1875
1876
1876
1877
1877
1878
1878
1879
1879
1880
1880
1881
1881
1882
1882
1883
1883
1884
1884
1885
1885
1886
1886
1887
1887
1888
1888
1889
1889
1890
1890
1891
1891
1892
1892
1893
1893
1894
1894
1895
1895
1896
1896
1897
1897
1898
1898
1899
1899
1900
1900
1901
1901
1902
1902
1903
1903
1904
1904
1905
1905
1906
1906
1907
1907
1908
1908
1909
1909
1910
1910
1911
1911
1912
1912
1913
1913
1914
1914
1915
1915
1916
1916
1917
1917
1918
1918
1919
1919
1920
1920
1921
1921
1922
1922
1923
1923
1924
1925
1925
1926
1926
1927
1927
1928
1928
1929
1929
1930
1930
1931
1931
1932
1932
1933
1933
1934
1934
1935
1935
1936
1936
1937
1937
1938
1938
1939
1939
1940
1940
1941
1941
1942
1942
1943
1943
1944
1944
1945
1945
1946
1946
1947
1947
1948
1948
1949
1949
1950
1950
1951
1951
1952
1952
1953
1953
1954
1954
1955
1955
1956
1956
1957
1957
1958
1958
1959
1959
1960
1960
1961
1961
1962
1962
1963
1963
1964
1964
1965
1965
1966
1966
1967
1967
1968
1968
1969
1969
1970
1970
1971
1971
1972
1972
1973
1973
1974
1975
1975
1976
1976
1977
1977
1978
1978
1979
1979
1980
1980
1981
1981
1982
1982
1983
1983
1984
1984
1985
1985
1986
1986
1987
1987
1988
1988
1989
1989
1990
1990
1991
1991
1992
1992
1993
1993
1994
1994
1995
1995
1996
1996
1997
1997
1998
1998
1999
1999
2000
2000
2001
2001
2002
2002
2003
2003
2004
2004
2005
2005
2006
2006
2007
2007
2008
2008
2009
2009
2010
2010
2011
2011
2012
2012
2013
2013
2014
2014
2015
2015
2016
2016
2017
2017
2018
2018
2019
2019
2020
2020
2021
2021
2022
2022
2023
2023
2024
2025
2025
2026
2026
2027
2027
2028
2028
2029
2029
2030
2030
2031
2031
2032
2032
2033
2033
2034
2034
2035
2035
2036
2036
2037
2037
2038
2038
2039
2039
2040
2040
2041
2041
2042
2042
2043
2043
2044
2044
2045
2045
2046
2046
2047
2047
2048
2048
2049
2049
2050
2050
2051
2051
2052
2052
2053
2053
2054
2054
2055
2055
2056
2056
2057
2057
2058
2058
2059
2059
2060
2060
2061
2061
2062
2062
2063
2063
2064
2064
2065
2065
2066
2066
2067
2067
2068
2068
2069
2069
2070
2070
2071
2071
2072
2072
2073
2073
2074
2075
2075
2076
2076
2077
2077
2078
2078
2079
2079
2080
2080
2081
2081
2082
2082
2083
2083
2084
2084
2085
2085
2086
2086
2087
2087
2088
2088
2089
2089
2090
2090
2091
2091
2092
2092
2093
2093
2094
2094
2095
2095
2096
2096
2097
2097
2098
2098
2099
2099
2100
2100
2101
2101
2102
2102
2103
2103
2104
2104
2105
2105
2106
2106
2107
2107
2108
2108
2109
2109
2110
2110
2111
2111
2112
2112
2113
2113
2114
2114
2115
2115
2116
2116
2117
2117
2118
2118
2119
2119
2120
2120
2121
2121
2122
2122
2123
2123
2124
2125
2125
2126
2126
2127
2127
2128
2128
2129
2129
2130
2130
2131
2131
2132
2132
2133
2133
2134
2134
2135
2135
2136
2136
2137
2137
2138
2138
2139
2139
2140
2140
2141
2141
2142
2142
2143
2143
2144
2144
2145
2145
2146
2146
2147
2147
2148
2148
2149
2149
2150
2150
2151
2151
2152
2152
2153
2153
2154
2154
2155
2155
2156
2156
2157
2157
2158
2158
2159
2159
2160
2160
2161
2161
2162
2162
2163
2163
2164
2164
2165
2165
2166
2166
2167
2167
2168
2168
2169
2169
2170
2170
2171
2171
2172
2172
2173
2173
2174
2175
2175
2176
2176
2177
2177
2178
2178
2179
2179
2180
2180
2181
2181
2182
2182
2183
2183
2184
2184
2185
2185
2186
2186
2187
2187
2188
2188
2189
2189
2190
2190
2191
2191
2192
2192
2193
2193
2194
2194
2195
2195
2196
2196
2197
2197
2198
2198
2199
2199
2200
2200
2201
2201
2202
2202
2203
2203
2204
2204
2205
2205
2206
2206
2207
2207
2208
2208
2209
2209
2210
2210
2211
2211
2212
2212
2213
2213
2214
2214
2215
2215
2216
2216
2217
2217
2218
2218
2219
2219
2220
2220
2221
2221
2222
2222
2223
2223
2224
2225
2225
2226
2226
2227
2227
2228
2228
2229
2229
2230
2230
2231
2231
2232
2232
2233
2233
2234
2234
2235
2235
2236
2236
2237
2237
2238
2238
2239
2239
2240
2240
2241
2241
2242
2242
2243
2243
2244
2244
2245
2245
2246
2246
2247
2247
2248
2248
2249
2249
2250
2250
2251
2251
2252
2252
2253
2253
2254
2254
2255
2255
2256
2256
2257
2257
2258
2258
2259
2259
2260
2260
2261
2261
2262
2262
2263
2263
2264
2264
2265
2265
2266
2266
2267
2267
2268
2268
2269
2269
2270
2270
2271
2271
2272
2272
2273
2273
2274
2275
2275
2276
2276
2277
2277
2278
2278
2279
2279
2280
2280
2281
2281
2282
2282
2283
2283
2284
2284
2285
2285
2286
2286
2287
2287
2288
2288
2289
2289
2290
2290
2291
2291
2292
2292
2293
2293
2294
2294
2295
2295
2296
2296
2297
2297
2298
2298
2299
2299
2300
2300
2301
2301
2302
2302
2303
2303
2304
2304
2305
2305
2306
2306
2307
2307
2308
2308
2309
2309
2310
2310
2311
2311
2312
2312
2313
2313
2314
2314
2315
2315
2316
2316
2317
2317
2318
2318
2319
2319
2320
2320
2321
2321
2322
2322
2323
2323
2324
2325
2325
2326
2326
2327
2327
2328
2328
2329
2329
2330
2330
2331
2331
2332
2332
2333
2333
2334
2334
2335
2335
2336
2336
2337
2337
2338
2338
2339
2339
2340
2340
2341
2341
2342
2342
2343
2343
2344
2344
2345
2345
2346
2346
2347
2347
2348
2348
2349
2349
2350
2350
2351
2351
2352
2352
2353
2353
2354
2354
2355
2355
2356
2356
2357
2357
2358
2358
2359
2359
2360
2360
2361
2361
2362
2362
2363
2363
2364
2364
2365
2365
2366
2366
2367
2367
2368
2368
2369
2369
2370
2370
2371
2371
2372
2372
2373
2373
2374
2375
2375
2376
2376
2377
2377
2378
2378
2379
2379
2380
2380
2381
2381
2382
2382
2383
2383
2384
2384
2385
2385
2386
2386
2387
2387
2388
2388
2389
2389
2390
2390
2391
2391
2392
2392
2393
2393
2394
2394
2395
2395
2396
2396
2397
2397
2398
2398
2399
2399
2400
2400
2401
2401
2402
2402
2403
2403
2404
2404
2405
2405
2406
2406
2407
2407
2408
2408
2409
2409
2410
2410
2411
2411
2412
2412
2413
2413
2414
2414
2415
2415
2416
2416
2417
2417
2418
2418
2419
2419
2420
2420
2421
2421
2422
2422
2423
2423
2424
2425
2426
2426
2427
2427
2428
2428
2429
2429
2430
2430
2431
2431
2432
2432
2433
2433
2434
2434
2435
2435
2436
2436
2437
2437
2438
2438
2439
2439
2440
2440
2441
2441
2442
2442
2443
2443
2444
2444
2445
2445
2446
2446
2447
2447
2448
2448
2449
2449
2450
2450
2451
2451
2452
2452
2453
2453
2454
2454
2455
2455
2456
2456
2457
2457
2458
2458
2459
2459
2460
2460
2461
2461
2462
2462
2463
2463
2464
2464
2465
2465
2466
2466
2467
2467
2468
2468
2469
2469
2470
2470
2471
2471
2472
2472
2473
2473
2474
2474
2475
2476
2476
2477
2477
2478
2478
2479
2479
2480
2480
2481
2481
2482
2482
2483
2483
2484
2484
2485
2485
2486
2486
2487
2487
2488
2488
2489
2489
2490
2490
2491
2491
2492
2492
2493
2493
2494
2494
2495
2495
2496
2496
2497
2497
2498
2498
2499
2499
2500
2500
2501
2501
2502
2502
2503
2503
2504
2504
2505
2505
2506
2506
2507
2507
2508
2508
2509
2509
2510
2510
2511
2511
2512
2512
2513
2513
2514
2514
2515
2515
2516
2516
2517
2517
2518
2518
2519
2519
2520
2520
2521
2521
2522
2522
2523
2523
2524
2525
2526
2526
2527
2527
2528
2528
2529
2529
2530
2530
2531
2531
2532
2532
2533
2533
2534
2534
2535
2535
2536
2536
2537
2537
2538
2538
2539
2539
2540
2540
2541
2541
2542
2542
2543
2543
2544
2544
2545
2545
2546
2546
2547
2547
2548
2548
2549
2549
2550
2550
2551
2551
2552
2552
2553
2553
2554
2554
2555
2555
2556
2556
2557
2557
2558
2558
2559
2559
2560
2560
2561
2561
2562
2562
2563
2563
2564
2564
2565
2565
2566
2566
2567
2567
2568
2568
2569
2569
2570
2570
2571
2571
2572
2572
2573
2574
2575
2575
2576
2576
2577
2577
2578
2578
2579
2579
2580
2580
2581
2581
2582
2582
2583
2583
2584
2584
2585
2585
2586
2586
2587
2587
2588
2588
2589
2589
2590
2590
2591
2591
2592
2592
2593
2593
2594
2594
2595
2595
2596
2596
2597
2597
2598
2598
2599
2599
2600
2600
2601
2601
2602
2602
2603
2603
2604
2604
2605
2605
2606
2606
2607
2607
2608
2608
2609
2609
2610
2610
2611
2611
2612
2612
2613
2613
2614
2614
2615
2615
2616
2616
2617
2617
2618
2618
2619
2619
2620
2620
2621
2622
2623
2623
2624
2624
2625
2625
2626
2626
2627
2627
2628
2628
2629
2629
2630
2630
2631
2631
2632
2632
2633
2633
2634
2634
2635
2635
2636
2636
2637
2637
2638
2638
2639
2639
2640
2640
2641
2641
2642
2642
2643
2643
2644
2644
2645
2645
2646
2646
2647
2647
2648
2648
2649
2649
2650
2650
2651
2651
2652
2652
2653
2653
2654
2654
2655
2655
2656
2656
2657
2657
2658
2658
2659
2659
2660
2660
2661
2661
2662
2662
2663
2663
2664
2664
2665
2665
2666
2666
2667
2667
2668
2669
2670
2670
2671
2671
2672
2672
2673
2673
2674
2674
2675
2675
2676
2676
2677
2677
2678
2678
2679
2679
2680
2680
2681
2681
2682
2682
2683
2683
2684
2684
2685
2685
2686
2686
2687
2687
2688
2688
2689
2689
2690
2690
2691
2691
2692
2692
2693
2693
2694
2694
2695
2695
2696
2696
2697
2697
2698
2698
2699
2699
2700
2700
2701
2701
2702
2702
2703
2703
2704
2704
2705
2705
2706
2706
2707
2707
2708
2708
2709
2709
2710
2710
2711
2711
2712
2712
2713
2713
2714
2715
2716
2716
2717
2717
2718
2718
2719
2719
2720
2720
2721
2721
2722
2722
2723
2723
2724
2724
2725
2725
2726
2726
2727
2727
2728
2728
2729
2729
2730
2730
2731
2731
2732
2732
2733
2733
2734
2734
2735
2735
2736
2736
2737
2737
2738
2738
2739
2739
2740
2740
2741
2741
2742
2742
2743
2743
2744
2744
2745
2745
2746
2746
2747
2747
2748
2748
2749
2749
2750
2750
2751
2751
2752
2752
2753
2753
2754
2754
2755
2755
2756
2756
2757
2757
2758
2758
2759
2760
2761
2761
2762
2762
2763
2763
2764
2764
2765
2765
2766
2766
2767
2767
2768
2768
2769
2769
2770
2770
2771
2771
2772
2772
2773
2773
2774
2774
2775
2775
2776
2776
2777
2777
2778
2778
2779
2779
2780
2780
2781
2781
2782
2782
2783
2783
2784
2784
2785
2785
2786
2786
2787
2787
2788
2788
2789
2789
2790
2790
2791
2791
2792
2792
2793
2793
2794
2794
2795
2795
2796
2796
2797
2797
2798
2798
2799
2799
2800
2800
2801
2801
2802
2802
2803
2804
2805
2805
2806
2806
2807
2807
2808
2808
2809
2809
2810
2810
2811
2811
2812
2812
2813
2813
2814
2814
2815
2815
2816
2816
2817
2817
2818
2818
2819
2819
2820
2820
2821
2821
2822
2822
2823
2823
2824
2824
2825
2825
2826
2826
2827
2827
2828
2828
2829
2829
2830
2830
2831
2831
2832
2832
2833
2833
2834
2834
2835
2835
2836
2836
2837
2837
2838
2838
2839
2839
2840
2840
2841
2841
2842
2842
2843
2843
2844
2844
2845
2845
2846
2847
2848
2848
2849
2849
2850
2850
2851
2851
2852
2852
2853
2853
2854
2854
2855
2855
2856
2856
2857
2857
2858
2858
2859
2859
2860
2860
2861
2861
2862
2862
2863
2863
2864
2864
2865
2865
2866
2866
2867
2867
2868
2868
2869
2869
2870
2870
2871
2871
2872
2872
2873
2873
2874
2874
2875
2875
2876
2876
2877
2877
2878
2878
2879
2879
2880
2880
2881
2881
2882
2882
2883
2883
2884
2884
2885
2885
2886
2886
2887
2887
2888
2889
2890
2890
2891
2891
2892
2892
2893
2893
2894
2894
2895
2895
2896
2896
2897
2897
2898
2898
2899
2899
2900
2900
2901
2901
2902
2902
2903
2903
2904
2904
2905
2905
2906
2906
2907
2907
2908
2908
2909
2909
2910
2910
2911
2911
2912
2912
2913
2913
2914
2914
2915
2915
2916
2916
2917
2917
2918
2918
2919
2919
2920
2920
2921
2921
2922
2922
2923
2923
2924
2924
2925
2925
2926
2926
2927
2927
2928
2928
2929
2930
2931
2931
2932
2932
2933
2933
2934
2934
2935
2935
2936
2936
2937
2937
2938
2938
2939
2939
2940
2940
2941
2941
2942
2942
2943
2943
2944
2944
2945
2945
2946
2946
2947
2947
2948
2948
2949
2949
2950
2950
2951
2951
2952
2952
2953
2953
2954
2954
2955
2955
2956
2956
2957
2957
2958
2958
2959
2959
2960
2960
2961
2961
2962
2962
2963
2963
2964
2964
2965
2965
2966
2966
2967
2967
2968
2968
2969
2970
2971
2971
2972
2972
2973
2973
2974
2974
2975
2975
2976
2976
2977
2977
2978
2978
2979
2979
2980
2980
2981
2981
2982
2982
2983
2983
2984
2984
2985
2985
2986
2986
2987
2987
2988
2988
2989
2989
2990
2990
2991
2991
2992
2992
2993
2993
2994
2994
2995
2995
2996
2996
2997
2997
2998
2998
2999
2999
3000
3000
3001
3001
3002
3002
3003
3003
3004
3004
3005
3005
3006
3006
3007
3007
3008
3009
3010
3010
3011
3011
3012
3012
3013
3013
3014
3014
3015
3015
3016
3016
3017
3017
3018
3018
3019
3019
3020
3020
3021
3021
3022
3022
3023
3023
3024
3024
3025
3025
3026
3026
3027
3027
3028
3028
3029
3029
3030
3030
3031
3031
3032
3032
3033
3033
3034
3034
3035
3035
3036
3036
3037
3037
3038
3038
3039
3039
3040
3040
3041
3041
3042
3042
3043
3043
3044
3044
3045
3045
3046
3047
3048
3048
3049
3049
3050
3050
3051
3051
3052
3052
3053
3053
3054
3054
3055
3055
3056
3056
3057
3057
3058
3058
3059
3059
3060
3060
3061
3061
3062
3062
3063
3063
3064
3064
3065
3065
3066
3066
3067
3067
3068
3068
3069
3069
3070
3070
3071
3071
3072
3072
3073
3073
3074
3074
3075
3075
3076
3076
3077
3077
3078
3078
3079
3079
3080
3080
3081
3081
3082
3082
3083
3084
3085
3085
3086
3086
3087
3087
3088
3088
3089
3089
3090
3090
3091
3091
3092
3092
3093
3093
3094
3094
3095
3095
3096
3096
3097
3097
3098
3098
3099
3099
3100
3100
3101
3101
3102
3102
3103
3103
3104
3104
3105
3105
3106
3106
3107
3107
3108
3108
3109
3109
3110
3110
3111
3111
3112
3112
3113
3113
3114
3114
3115
3115
3116
3116
3117
3117
3118
3118
3119
3120
3121
3121
3122
3122
3123
3123
3124
3124
3125
3125
3126
3126
3127
3127
3128
3128
3129
3129
3130
3130
3131
3131
3132
3132
3133
3133
3134
3134
3135
3135
3136
3136
3137
3137
3138
3138
3139
3139
3140
3140
3141
3141
3142
3142
3143
3143
3144
3144
3145
3145
3146
3146
3147
3147
3148
3148
3149
3149
3150
3150
3151
3151
3152
3152
3153
3153
3154
3155
3156
3156
3157
3157
3158
3158
3159
3159
3160
3160
3161
3161
3162
3162
3163
3163
3164
3164
3165
3165
3166
3166
3167
3167
3168
3168
3169
3169
3170
3170
3171
3171
3172
3172
3173
3173
3174
3174
3175
3175
3176
3176
3177
3177
3178
3178
3179
3179
3180
3180
3181
3181
3182
3182
3183
3183
3184
3184
3185
3185
3186
3186
3187
3187
3188
3189
3190
3190
3191
3191
3192
3192
3193
3193
3194
3194
3195
3195
3196
3196
3197
3197
3198
3198
3199
3199
3200
3200
3201
3201
3202
3202
3203
3203
3204
3204
3205
3205
3206
3206
3207
3207
3208
3208
3209
3209
3210
3210
3211
3211
3212
3212
3213
3213
3214
3214
3215
3215
3216
3216
3217
3217
3218
3218
3219
3219
3220
3220
3221
3222
3223
3223
3224
3224
3225
3225
3226
3226
3227
3227
3228
3228
3229
3229
3230
3230
3231
3231
3232
3232
3233
3233
3234
3234
3235
3235
3236
3236
3237
3237
3238
3238
3239
3239
3240
3240
3241
3241
3242
3242
3243
3243
3244
3244
3245
3245
3246
3246
3247
3247
3248
3248
3249
3249
3250
3250
3251
3251
3252
3252
3253
3254
3255
3255
3256
3256
3257
3257
3258
3258
3259
3259
3260
3260
3261
3261
3262
3262
3263
3263
3264
3264
3265
3265
3266
3266
3267
3267
3268
3268
3269
3269
3270
3270
3271
3271
3272
3272
3273
3273
3274
3274
3275
3275
3276
3276
3277
3277
3278
3278
3279
3279
3280
3280
3281
3281
3282
3282
3283
3283
3284
3285
3286
3286
3287
3287
3288
3288
3289
3289
3290
3290
3291
3291
3292
3292
3293
3293
3294
3294
3295
3295
3296
3296
3297
3297
3298
3298
3299
3299
3300
3300
3301
3301
3302
3302
3303
3303
3304
3304
3305
3305
3306
3306
3307
3307
3308
3308
3309
3309
3310
3310
3311
3311
3312
3312
3313
3313
3314
3315
3316
3316
3317
3317
3318
3318
3319
3319
3320
3320
3321
3321
3322
3322
3323
3323
3324
3324
3325
3325
3326
3326
3327
3327
3328
3328
3329
3329
3330
3330
3331
3331
3332
3332
3333
3333
3334
3334
3335
3335
3336
3336
3337
3337
3338
3338
3339
3339
3340
3340
3341
3341
3342
3342
3343
3344
3345
3345
3346
3346
3347
3347
3348
3348
3349
3349
3350
3350
3351
3351
3352
3352
3353
3353
3354
3354
3355
3355
3356
3356
3357
3357
3358
3358
3359
3359
3360
3360
3361
3361
3362
3362
3363
3363
3364
3364
3365
3365
3366
3366
3367
3367
3368
3368
3369
3369
3370
3370
3371
3372
3373
3373
3374
3374
3375
3375
3376
3376
3377
3377
3378
3378
3379
3379
3380
3380
3381
3381
3382
3382
3383
3383
3384
3384
3385
3385
3386
3386
3387
3387
3388
3388
3389
3389
3390
3390
3391
3391
3392
3392
3393
3393
3394
3394
3395
3395
3396
3396
3397
3397
3398
3399
3400
3400
3401
3401
3402
3402
3403
3403
3404
3404
3405
3405
3406
3406
3407
3407
3408
3408
3409
3409
3410
3410
3411
3411
3412
3412
3413
3413
3414
3414
3415
3415
3416
3416
3417
3417
3418
3418
3419
3419
3420
3420
3421
3421
3422
3422
3423
3423
3424
3425
3426
3426
3427
3427
3428
3428
3429
3429
3430
3430
3431
3431
3432
3432
3433
3433
3434
3434
3435
3435
3436
3436
3437
3437
3438
3438
3439
3439
3440
3440
3441
3441
3442
3442
3443
3443
3444
3444
3445
3445
3446
3446
3447
3447
3448
3448
3449
3450
3451
3451
3452
3452
3453
3453
3454
3454
3455
3455
3456
3456
3457
3457
3458
3458
3459
3459
3460
3460
3461
3461
3462
3462
3463
3463
3464
3464
3465
3465
3466
3466
3467
3467
3468
3468
3469
3469
3470
3470
3471
3471
3472
3472
3473
3474
3475
3475
3476
3476
3477
3477
3478
3478
3479
3479
3480
3480
3481
3481
3482
3482
3483
3483
3484
3484
3485
3485
3486
3486
3487
3487
3488
3488
3489
3489
3490
3490
3491
3491
3492
3492
3493
3493
3494
3494
3495
3495
3496
3497
3498
3498
3499
3499
3500
3500
3501
3501
3502
3502
3503
3503
3504
3504
3505
3505
3506
3506
3507
3507
3508
3508
3509
3509
3510
3510
3511
3511
3512
3512
3513
3513
3514
3514
3515
3515
3516
3516
3517
3517
3518
3519
3520
3520
3521
3521
3522
3522
3523
3523
3524
3524
3525
3525
3526
3526
3527
3527
3528
3528
3529
3529
3530
3530
3531
3531
3532
3532
3533
3533
3534
3534
3535
3535
3536
3536
3537
3537
3538
3538
3539
3540
3541
3541
3542
3542
3543
3543
3544
3544
3545
3545
3546
3546
3547
3547
3548
3548
3549
3549
3550
3550
3551
3551
3552
3552
3553
3553
3554
3554
3555
3555
3556
3556
3557
3557
3558
3558
3559
3560
3561
3561
3562
3562
3563
3563
3564
3564
3565
3565
3566
3566
3567
3567
3568
3568
3569
3569
3570
3570
3571
3571
3572
3572
3573
3573
3574
3574
3575
3575
3576
3576
3577
3577
3578
3579
3580
3580
3581
3581
3582
3582
3583
3583
3584
3584
3585
3585
3586
3586
3587
3587
3588
3588
3589
3589
3590
3590
3591
3591
3592
3592
3593
3593
3594
3594
3595
3595
3596
3597
3598
3598
3599
3599
3600
3600
3601
3601
3602
3602
3603
3603
3604
3604
3605
3605
3606
3606
3607
3607
3608
3608
3609
3609
3610
3610
3611
3611
3612
3612
3613
3614
3615
3615
3616
3616
3617
3617
3618
3618
3619
3619
3620
3620
3621
3621
3622
3622
3623
3623
3624
3624
3625
3625
3626
3626
3627
3627
3628
3628
3629
3630
3631
3631
3632
3632
3633
3633
3634
3634
3635
3635
3636
3636
3637
3637
3638
3638
3639
3639
3640
3640
3641
3641
3642
3642
3643
3643
3644
3645
3646
3646
3647
3647
3648
3648
3649
3649
3650
3650
3651
3651
3652
3652
3653
3653
3654
3654
3655
3655
3656
3656
3657
3657
3658
3659
3660
3660
3661
3661
3662
3662
3663
3663
3664
3664
3665
3665
3666
3666
3667
3667
3668
3668
3669
3669
3670
3670
3671
3672
3673
3673
3674
3674
3675
3675
3676
3676
3677
3677
3678
3678
3679
3679
3680
3680
3681
3681
3682
3682
3683
3684
3685
3685
3686
3686
3687
3687
3688
3688
3689
3689
3690
3690
3691
3691
3692
3692
3693
3693
3694
3695
3696
3696
3697
3697
3698
3698
3699
3699
3700
3700
3701
3701
3702
3702
3703
3703
3704
3705
3706
3706
3707
3707
3708
3708
3709
3709
3710
3710
3711
3711
3712
3712
3713
3714
3715
3715
3716
3716
3717
3717
3718
3718
3719
3719
3720
3720
3721
3722
3723
3723
3724
3724
3725
3725
3726
3726
3727
3727
3728
3729
3730
3730
3731
3731
3732
3732
3733
3733
3734
3735
3736
3736
3737
3737
3738
3738
3739
3740
3741
3741
3742
3742
3743
3744
3745
3745
3746
3747
3748
0
2
5
9
14
20
27
35
44
54
65
77
90
104
119
135
152
170
189
209
230
252
275
299
324
350
377
405
434
464
495
527
560
594
629
665
702
740
779
819
860
902
945
989
1034
1080
1127
1175
1224
1274
2524
2573
2621
2668
2714
2759
2803
2846
2888
2929
2969
3008
3046
3083
3119
3154
3188
3221
3253
3284
3314
3343
3371
3398
3424
3449
3473
3496
3518
3539
3559
3578
3596
3613
3629
3644
3658
3671
3683
3694
3704
3713
3721
3728
3734
3739
3743
3746
3748
3749
0
1
3
6
10
15
21
28
36
45
55
66
78
91
105
120
136
153
171
190
210
231
253
276
300
1274
1324
1374
1424
1474
1524
1574
1624
1674
1724
1774
1824
1874
1924
1974
2024
2074
2124
2174
2224
2274
2324
2374
2424
2425
2475
2525
2574
2622
2669
2715
2760
2804
2847
2889
2930
2970
3009
3047
3084
3120
3155
3189
3222
3254
3285
3315
3344
3372
3399
3425
3450
3474
3497
3519
3540
3560
3579
3597
3614
3630
3645
3659
3672
3684
3695
3705
3714
3722
3729
3735
3740
3744
3747
3749
326
353
381
410
440
471
503
536
570
605
641
678
716
755
795
836
878
921
965
1010
1056
1103
1151
1200
1250
1301
1352
1403
1454
1505
1556
1607
1658
1709
1760
1811
1862
1913
1964
2015
2066
2117
2168
2219
2270
2321
2372
2423
2474
2524
0
2
5
9
14
20
27
35
44
54
65
77
90
104
119
135
152
170
189
209
230
252
275
299
324
350
377
405
434
464
495
527
560
594
629
665
702
740
779
819
860
902
945
989
1034
1080
1127
1175
1224
1274
1
4
8
13
19
26
34
43
53
64
76
89
103
118
134
151
169
188
208
229
251
274
298
323
349
376
404
433
463
494
526
559
593
628
664
701
739
778
818
859
901
944
988
1033
1079
1126
1174
1223
1273
1324
3
7
12
18
25
33
42
52
63
75
88
102
117
133
150
168
187
207
228
250
273
297
322
348
375
403
432
462
493
525
558
592
627
663
700
738
777
817
858
900
943
987
1032
1078
1125
1173
1222
1272
1323
1374
6
11
17
24
32
41
51
62
74
87
101
116
132
149
167
186
206
227
249
272
296
321
347
374
402
431
461
492
524
557
591
626
662
699
737
776
816
857
899
942
986
1031
1077
1124
1172
1221
1271
1322
1373
1424
10
16
23
31
40
50
61
73
86
100
115
131
148
166
185
205
226
248
271
295
320
346
373
401
430
460
491
523
556
590
625
661
698
736
775
815
856
898
941
985
1030
1076
1123
1171
1220
1270
1321
1372
1423
1474
15
22
30
39
49
60
72
85
99
114
130
147
165
184
204
225
247
270
294
319
345
372
400
429
459
490
522
555
589
624
660
697
735
774
814
855
897
940
984
1029
1075
1122
1170
1219
1269
1320
1371
1422
1473
1524
21
29
38
48
59
71
84
98
113
129
146
164
183
203
224
246
269
293
318
344
371
399
428
458
489
521
554
588
623
659
696
734
773
813
854
896
939
983
1028
1074
1121
1169
1218
1268
1319
1370
1421
1472
1523
1574
28
37
47
58
70
83
97
112
128
145
163
182
202
223
245
268
292
317
343
370
398
427
457
488
520
553
587
622
658
695
733
772
812
853
895
938
982
1027
1073
1120
1168
1217
1267
1318
1369
1420
1471
1522
1573
1624
36
46
57
69
82
96
111
127
144
162
181
201
222
244
267
291
316
342
369
397
426
456
487
519
552
586
621
657
694
732
771
811
852
894
937
981
1026
1072
1119
1167
1216
1266
1317
1368
1419
1470
1521
1572
1623
1674
45
56
68
81
95
110
126
143
161
180
200
221
243
266
290
315
341
368
396
425
455
486
518
551
585
620
656
693
731
770
810
851
893
936
980
1025
1071
1118
1166
1215
1265
1316
1367
1418
1469
1520
1571
1622
1673
1724
55
67
80
94
109
125
142
160
179
199
220
242
265
289
314
340
367
395
424
454
485
517
550
584
619
655
692
730
769
809
850
892
935
979
1024
1070
1117
1165
1214
1264
1315
1366
1417
1468
1519
1570
1621
1672
1723
1774
66
79
93
108
124
141
159
178
198
219
241
264
288
313
339
366
394
423
453
484
516
549
583
618
654
691
729
768
808
849
891
934
978
1023
1069
1116
1164
1213
1263
1314
1365
1416
1467
1518
1569
1620
1671
1722
1773
1824
78
92
107
123
140
158
177
197
218
240
263
287
312
338
365
393
422
452
483
515
548
582
617
653
690
728
767
807
848
890
933
977
1022
1068
1115
1163
1212
1262
1313
1364
1415
1466
1517
1568
1619
1670
1721
1772
1823
1874
91
106
122
139
157
176
196
217
239
262
286
311
337
364
392
421
451
482
514
547
581
616
652
689
727
766
806
847
889
932
976
1021
1067
1114
1162
1211
1261
1312
1363
1414
1465
1516
1567
1618
1669
1720
1771
1822
1873
1924
105
121
138
156
175
195
216
238
261
285
310
336
363
391
420
450
481
513
546
580
615
651
688
726
765
805
846
888
931
975
1020
1066
1113
1161
1210
1260
1311
1362
1413
1464
1515
1566
1617
1668
1719
1770
1821
1872
1923
1974
120
137
155
174
194
215
237
260
284
309
335
362
390
419
449
480
512
545
579
614
650
687
725
764
804
845
887
930
974
1019
1065
1112
1160
1209
1259
1310
1361
1412
1463
1514
1565
1616
1667
1718
1769
1820
1871
1922
1973
2024
136
154
173
193
214
236
259
283
308
334
361
389
418
448
479
511
544
578
613
649
686
724
763
803
844
886
929
973
1018
1064
1111
1159
1208
1258
1309
1360
1411
1462
1513
1564
1615
1666
1717
1768
1819
1870
1921
1972
2023
2074
153
172
192
213
235
258
282
307
333
360
388
417
447
478
510
543
577
612
648
685
723
762
802
843
885
928
972
1017
1063
1110
1158
1207
1257
1308
1359
1410
1461
1512
1563
1614
1665
1716
1767
1818
1869
1920
1971
2022
2073
2124
171
191
212
234
257
281
306
332
359
387
416
446
477
509
542
576
611
647
684
722
761
801
842
884
927
971
1016
1062
1109
1157
1206
1256
1307
1358
1409
1460
1511
1562
1613
1664
1715
1766
1817
1868
1919
1970
2021
2072
2123
2174
190
211
233
256
280
305
331
358
386
415
445
476
508
541
575
610
646
683
721
760
800
841
883
926
970
1015
1061
1108
1156
1205
1255
1306
1357
1408
1459
1510
1561
1612
1663
1714
1765
1816
1867
1918
1969
2020
2071
2122
2173
2224
210
232
255
279
304
330
357
385
414
444
475
507
540
574
609
645
682
720
759
799
840
882
925
969
1014
1060
1107
1155
1204
1254
1305
1356
1407
1458
1509
1560
1611
1662
1713
1764
1815
1866
1917
1968
2019
2070
2121
2172
2223
2274
231
254
278
303
329
356
384
413
443
474
506
539
573
608
644
681
719
758
798
839
881
924
968
1013
1059
1106
1154
1203
1253
1304
1355
1406
1457
1508
1559
1610
1661
1712
1763
1814
1865
1916
1967
2018
2069
2120
2171
2222
2273
2324
253
277
302
328
355
383
412
442
473
505
538
572
607
643
680
718
757
797
838
880
923
967
1012
1058
1105
1153
1202
1252
1303
1354
1405
1456
1507
1558
1609
1660
1711
1762
1813
1864
1915
1966
2017
2068
2119
2170
2221
2272
2323
2374
276
301
327
354
382
411
441
472
504
537
571
606
642
679
717
756
796
837
879
922
966
1011
1057
1104
1152
1201
1251
1302
1353
1404
1455
1506
1557
1608
1659
1710
1761
1812
1863
1914
1965
2016
2067
2118
2169
2220
2271
2322
2373
2424
300
325
351
378
406
435
465
496
528
561
595
630
666
703
741
780
820
861
903
946
990
1035
1081
1128
1176
1225
1275
1325
1375
1425
1475
1525
1575
1625
1675
1725
1775
1825
1875
1925
1975
2025
2075
2125
2175
2225
2275
2325
2375
2425
0
2
5
9
14
20
27
35
44
54
65
77
90
104
119
135
152
170
189
209
230
252
275
299
324
350
377
405
434
464
495
527
560
594
629
665
702
740
779
819
860
902
945
989
1034
1080
1127
1175
1224
1274
1
4
8
13
19
26
34
43
53
64
76
89
103
118
134
151
169
188
208
229
251
274
298
323
349
376
404
433
463
494
526
559
593
628
664
701
739
778
818
859
901
944
988
1033
1079
1126
1174
1223
1273
1324
3
7
12
18
25
33
42
52
63
75
88
102
117
133
150
168
187
207
228
250
273
297
322
348
375
403
432
462
493
525
558
592
627
663
700
738
777
817
858
900
943
987
1032
1078
1125
1173
1222
1272
1323
1374
6
11
17
24
32
41
51
62
74
87
101
116
132
149
167
186
206
227
249
272
296
321
347
374
402
431
461
492
524
557
591
626
662
699
737
776
816
857
899
942
986
1031
1077
1124
1172
1221
1271
1322
1373
1424
10
16
23
31
40
50
61
73
86
100
115
131
148
166
185
205
226
248
271
295
320
346
373
401
430
460
491
523
556
590
625
661
698
736
775
815
856
898
941
985
1030
1076
1123
1171
1220
1270
1321
1372
1423
1474
15
22
30
39
49
60
72
85
99
114
130
147
165
184
204
225
247
270
294
319
345
372
400
429
459
490
522
555
589
624
660
697
735
774
814
855
897
940
984
1029
1075
1122
1170
1219
1269
1320
1371
1422
1473
1524
21
29
38
48
59
71
84
98
113
129
146
164
183
203
224
246
269
293
318
344
371
399
428
458
489
521
554
588
623
659
696
734
773
813
854
896
939
983
1028
1074
1121
1169
1218
1268
1319
1370
1421
1472
1523
1574
28
37
47
58
70
83
97
112
128
145
163
182
202
223
245
268
292
317
343
370
398
427
457
488
520
553
587
622
658
695
733
772
812
853
895
938
982
1027
1073
1120
1168
1217
1267
1318
1369
1420
1471
1522
1573
1624
36
46
57
69
82
96
111
127
144
162
181
201
222
244
267
291
316
342
369
397
426
456
487
519
552
586
621
657
694
732
771
811
852
894
937
981
1026
1072
1119
1167
1216
1266
1317
1368
1419
1470
1521
1572
1623
1674
45
56
68
81
95
110
126
143
161
180
200
221
243
266
290
315
341
368
396
425
455
486
518
551
585
620
656
693
731
770
810
851
893
936
980
1025
1071
1118
1166
1215
1265
1316
1367
1418
1469
1520
1571
1622
1673
1724
55
67
80
94
109
125
142
160
179
199
220
242
265
289
314
340
367
395
424
454
485
517
550
584
619
655
692
730
769
809
850
892
935
979
1024
1070
1117
1165
1214
1264
1315
1366
1417
1468
1519
1570
1621
1672
1723
1774
66
79
93
108
124
141
159
178
198
219
241
264
288
313
339
366
394
423
453
484
516
549
583
618
654
691
729
768
808
849
891
934
978
1023
1069
1116
1164
1213
1263
1314
1365
1416
1467
1518
1569
1620
1671
1722
1773
1824
78
92
107
123
140
158
177
197
218
240
263
287
312
338
365
393
422
452
483
515
548
582
617
653
690
728
767
807
848
890
933
977
1022
1068
1115
1163
1212
1262
1313
1364
1415
1466
1517
1568
1619
1670
1721
1772
1823
1874
91
106
122
139
157
176
196
217
239
262
286
311
337
364
392
421
451
482
514
547
581
616
652
689
727
766
806
847
889
932
976
1021
1067
1114
1162
1211
1261
1312
1363
1414
1465
1516
1567
1618
1669
1720
1771
1822
1873
1924
105
121
138
156
175
195
216
238
261
285
310
336
363
391
420
450
481
513
546
580
615
651
688
726
765
805
846
888
931
975
1020
1066
1113
1161
1210
1260
1311
1362
1413
1464
1515
1566
1617
1668
1719
1770
1821
1872
1923
1974
120
137
155
174
194
215
237
260
284
309
335
362
390
419
449
480
512
545
579
614
650
687
725
764
804
845
887
930
974
1019
1065
1112
1160
1209
1259
1310
1361
1412
1463
1514
1565
1616
1667
1718
1769
1820
1871
1922
1973
2024
136
154
173
193
214
236
259
283
308
334
361
389
418
448
479
511
544
578
613
649
686
724
763
803
844
886
929
973
1018
1064
1111
1159
1208
1258
1309
1360
1411
1462
1513
1564
1615
1666
1717
1768
1819
1870
1921
1972
2023
2074
153
172
192
213
235
258
282
307
333
360
388
417
447
478
510
543
577
612
648
685
723
762
802
843
885
928
972
1017
1063
1110
1158
1207
1257
1308
1359
1410
1461
1512
1563
1614
1665
1716
1767
1818
1869
1920
1971
2022
2073
2124
171
191
212
234
257
281
306
332
359
387
416
446
477
509
542
576
611
647
684
722
761
801
842
884
927
971
1016
1062
1109
1157
1206
1256
1307
1358
1409
1460
1511
1562
1613
1664
1715
1766
1817
1868
1919
1970
2021
2072
2123
2174
190
211
233
256
280
305
331
358
386
415
445
476
508
541
575
610
646
683
721
760
800
841
883
926
970
1015
1061
1108
1156
1205
1255
1306
1357
1408
1459
1510
1561
1612
1663
1714
1765
1816
1867
1918
1969
2020
2071
2122
2173
2224
210
232
255
279
304
330
357
385
414
444
475
507
540
574
609
645
682
720
759
799
840
882
925
969
1014
1060
1107
1155
1204
1254
1305
1356
1407
1458
1509
1560
1611
1662
1713
1764
1815
1866
1917
1968
2019
2070
2121
2172
2223
2274
231
254
278
303
329
356
384
413
443
474
506
539
573
608
644
681
719
758
798
839
881
924
968
1013
1059
1106
1154
1203
1253
1304
1355
1406
1457
1508
1559
1610
1661
1712
1763
1814
1865
1916
1967
2018
2069
2120
2171
2222
2273
2324
253
277
302
328
355
383
412
442
473
505
538
572
607
643
680
718
757
797
838
880
923
967
1012
1058
1105
1153
1202
1252
1303
1354
1405
1456
1507
1558
1609
1660
1711
1762
1813
1864
1915
1966
2017
2068
2119
2170
2221
2272
2323
2374
276
301
327
354
382
411
441
472
504
537
571
606
642
679
717
756
796
837
879
922
966
1011
1057
1104
1152
1201
1251
1302
1353
1404
1455
1506
1557
1608
1659
1710
1761
1812
1863
1914
1965
2016
2067
2118
2169
2220
2271
2322
2373
2424
300
325
351
378
406
435
465
496
528
561
595
630
666
703
741
780
820
861
903
946
990
1035
1081
1128
1176
1225
1275
1325
1375
1425
1475
1525
1575
1625
1675
1725
1775
1825
1875
1925
1975
2025
2075
2125
2175
2225
2275
2325
2375
2425
326
352
379
407
436
466
497
529
562
596
631
667
704
742
781
821
862
904
947
991
1036
1082
1129
1177
1226
1276
1326
1376
1426
1476
1526
1576
1626
1676
1726
1776
1826
1876
1926
1976
2026
2076
2126
2176
2226
2276
2326
2376
2426
2475
353
380
408
437
467
498
530
563
597
632
668
705
743
782
822
863
905
948
992
1037
1083
1130
1178
1227
1277
1327
1377
1427
1477
1527
1577
1627
1677
1727
1777
1827
1877
1927
1977
2027
2077
2127
2177
2227
2277
2327
2377
2427
2476
2525
381
409
438
468
499
531
564
598
633
669
706
744
783
823
864
906
949
993
1038
1084
1131
1179
1228
1278
1328
1378
1428
1478
1528
1578
1628
1678
1728
1778
1828
1878
1928
1978
2028
2078
2128
2178
2228
2278
2328
2378
2428
2477
2526
2574
410
439
469
500
532
565
599
634
670
707
745
784
824
865
907
950
994
1039
1085
1132
1180
1229
1279
1329
1379
1429
1479
1529
1579
1629
1679
1729
1779
1829
1879
1929
1979
2029
2079
2129
2179
2229
2279
2329
2379
2429
2478
2527
2575
2622
440
470
501
533
566
600
635
671
708
746
785
825
866
908
951
995
1040
1086
1133
1181
1230
1280
1330
1380
1430
1480
1530
1580
1630
1680
1730
1780
1830
1880
1930
1980
2030
2080
2130
2180
2230
2280
2330
2380
2430
2479
2528
2576
2623
2669
471
502
534
567
601
636
672
709
747
786
826
867
909
952
996
1041
1087
1134
1182
1231
1281
1331
1381
1431
1481
1531
1581
1631
1681
1731
1781
1831
1881
1931
1981
2031
2081
2131
2181
2231
2281
2331
2381
2431
2480
2529
2577
2624
2670
2715
503
535
568
602
637
673
710
748
787
827
868
910
953
997
1042
1088
1135
1183
1232
1282
1332
1382
1432
1482
1532
1582
1632
1682
1732
1782
1832
1882
1932
1982
2032
2082
2132
2182
2232
2282
2332
2382
2432
2481
2530
2578
2625
2671
2716
2760
536
569
603
638
674
711
749
788
828
869
911
954
998
1043
1089
1136
1184
1233
1283
1333
1383
1433
1483
1533
1583
1633
1683
1733
1783
1833
1883
1933
1983
2033
2083
2133
2183
2233
2283
2333
2383
2433
2482
2531
2579
2626
2672
2717
2761
2804
570
604
639
675
712
750
789
829
870
912
955
999
1044
1090
1137
1185
1234
1284
1334
1384
1434
1484
1534
1584
1634
1684
1734
1784
1834
1884
1934
1984
2034
2084
2134
2184
2234
2284
2334
2384
2434
2483
2532
2580
2627
2673
2718
2762
2805
2847
605
640
676
713
751
790
830
871
913
956
1000
1045
1091
1138
1186
1235
1285
1335
1385
1435
1485
1535
1585
1635
1685
1735
1785
1835
1885
1935
1985
2035
2085
2135
2185
2235
2285
2335
2385
2435
2484
2533
2581
2628
2674
2719
2763
2806
2848
2889
641
677
714
752
791
831
872
914
957
1001
1046
1092
1139
1187
1236
1286
1336
1386
1436
1486
1536
1586
1636
1686
1736
1786
1836
1886
1936
1986
2036
2086
2136
2186
2236
2286
2336
2386
2436
2485
2534
2582
2629
2675
2720
2764
2807
2849
2890
2930
678
715
753
792
832
873
915
958
1002
1047
1093
1140
1188
1237
1287
1337
1387
1437
1487
1537
1587
1637
1687
1737
1787
1837
1887
1937
1987
2037
2087
2137
2187
2237
2287
2337
2387
2437
2486
2535
2583
2630
2676
2721
2765
2808
2850
2891
2931
2970
716
754
793
833
874
916
959
1003
1048
1094
1141
1189
1238
1288
1338
1388
1438
1488
1538
1588
1638
1688
1738
1788
1838
1888
1938
1988
2038
2088
2138
2188
2238
2288
2338
2388
2438
2487
2536
2584
2631
2677
2722
2766
2809
2851
2892
2932
2971
3009
755
794
834
875
917
960
1004
1049
1095
1142
1190
1239
1289
1339
1389
1439
1489
1539
1589
1639
1689
1739
1789
1839
1889
1939
1989
2039
2089
2139
2189
2239
2289
2339
2389
2439
2488
2537
2585
2632
2678
2723
2767
2810
2852
2893
2933
2972
3010
3047
795
835
876
918
961
1005
1050
1096
1143
1191
1240
1290
1340
1390
1440
1490
1540
1590
1640
1690
1740
1790
1840
1890
1940
1990
2040
2090
2140
2190
2240
2290
2340
2390
2440
2489
2538
2586
2633
2679
2724
2768
2811
2853
2894
2934
2973
3011
3048
3084
836
877
919
962
1006
1051
1097
1144
1192
1241
1291
1341
1391
1441
1491
1541
1591
1641
1691
1741
1791
1841
1891
1941
1991
2041
2091
2141
2191
2241
2291
2341
2391
2441
2490
2539
2587
2634
2680
2725
2769
2812
2854
2895
2935
2974
3012
3049
3085
3120
878
920
963
1007
1052
1098
1145
1193
1242
1292
1342
1392
1442
1492
1542
1592
1642
1692
1742
1792
1842
1892
1942
1992
2042
2092
2142
2192
2242
2292
2342
2392
2442
2491
2540
2588
2635
2681
2726
2770
2813
2855
2896
2936
2975
3013
3050
3086
3121
3155
921
964
1008
1053
1099
1146
1194
1243
1293
1343
1393
1443
1493
1543
1593
1643
1693
1743
1793
1843
1893
1943
1993
2043
2093
2143
2193
2243
2293
2343
2393
2443
2492
2541
2589
2636
2682
2727
2771
2814
2856
2897
2937
2976
3014
3051
3087
3122
3156
3189
965
1009
1054
1100
1147
1195
1244
1294
1344
1394
1444
1494
1544
1594
1644
1694
1744
1794
1844
1894
1944
1994
2044
2094
2144
2194
2244
2294
2344
2394
2444
2493
2542
2590
2637
2683
2728
2772
2815
2857
2898
2938
2977
3015
3052
3088
3123
3157
3190
3222
1010
1055
1101
1148
1196
1245
1295
1345
1395
1445
1495
1545
1595
1645
1695
1745
1795
1845
1895
1945
1995
2045
2095
2145
2195
2245
2295
2345
2395
2445
2494
2543
2591
2638
2684
2729
2773
2816
2858
2899
2939
2978
3016
3053
3089
3124
3158
3191
3223
3254
1056
1102
1149
1197
1246
1296
1346
1396
1446
1496
1546
1596
1646
1696
1746
1796
1846
1896
1946
1996
2046
2096
2146
2196
2246
2296
2346
2396
2446
2495
2544
2592
2639
2685
2730
2774
2817
2859
2900
2940
2979
3017
3054
3090
3125
3159
3192
3224
3255
3285
1103
1150
1198
1247
1297
1347
1397
1447
1497
1547
1597
1647
1697
1747
1797
1847
1897
1947
1997
2047
2097
2147
2197
2247
2297
2347
2397
2447
2496
2545
2593
2640
2686
2731
2775
2818
2860
2901
2941
2980
3018
3055
3091
3126
3160
3193
3225
3256
3286
3315
1151
1199
1248
1298
1348
1398
1448
1498
1548
1598
1648
1698
1748
1798
1848
1898
1948
1998
2048
2098
2148
2198
2248
2298
2348
2398
2448
2497
2546
2594
2641
2687
2732
2776
2819
2861
2902
2942
2981
3019
3056
3092
3127
3161
3194
3226
3257
3287
3316
3344
1200
1249
1299
1349
1399
1449
1499
1549
1599
1649
1699
1749
1799
1849
1899
1949
1999
2049
2099
2149
2199
2249
2299
2349
2399
2449
2498
2547
2595
2642
2688
2733
2777
2820
2862
2903
2943
2982
3020
3057
3093
3128
3162
3195
3227
3258
3288
3317
3345
3372
1250
1300
1350
1400
1450
1500
1550
1600
1650
1700
1750
1800
1850
1900
1950
2000
2050
2100
2150
2200
2250
2300
2350
2400
2450
2499
2548
2596
2643
2689
2734
2778
2821
2863
2904
2944
2983
3021
3058
3094
3129
3163
3196
3228
3259
3289
3318
3346
3373
3399
1301
1351
1401
1451
1501
1551
1601
1651
1701
1751
1801
1851
1901
1951
2001
2051
2101
2151
2201
2251
2301
2351
2401
2451
2500
2549
2597
2644
2690
2735
2779
2822
2864
2905
2945
2984
3022
3059
3095
3130
3164
3197
3229
3260
3290
3319
3347
3374
3400
3425
1352
1402
1452
1502
1552
1602
1652
1702
1752
1802
1852
1902
1952
2002
2052
2102
2152
2202
2252
2302
2352
2402
2452
2501
2550
2598
2645
2691
2736
2780
2823
2865
2906
2946
2985
3023
3060
3096
3131
3165
3198
3230
3261
3291
3320
3348
3375
3401
3426
3450
1403
1453
1503
1553
1603
1653
1703
1753
1803
1853
1903
1953
2003
2053
2103
2153
2203
2253
2303
2353
2403
2453
2502
2551
2599
2646
2692
2737
2781
2824
2866
2907
2947
2986
3024
3061
3097
3132
3166
3199
3231
3262
3292
3321
3349
3376
3402
3427
3451
3474
1454
1504
1554
1604
1654
1704
1754
1804
1854
1904
1954
2004
2054
2104
2154
2204
2254
2304
2354
2404
2454
2503
2552
2600
2647
2693
2738
2782
2825
2867
2908
2948
2987
3025
3062
3098
3133
3167
3200
3232
3263
3293
3322
3350
3377
3403
3428
3452
3475
3497
1505
1555
1605
1655
1705
1755
1805
1855
1905
1955
2005
2055
2105
2155
2205
2255
2305
2355
2405
2455
2504
2553
2601
2648
2694
2739
2783
2826
2868
2909
2949
2988
3026
3063
3099
3134
3168
3201
3233
3264
3294
3323
3351
3378
3404
3429
3453
3476
3498
3519
1556
1606
1656
1706
1756
1806
1856
1906
1956
2006
2056
2106
2156
2206
2256
2306
2356
2406
2456
2505
2554
2602
2649
2695
2740
2784
2827
2869
2910
2950
2989
3027
3064
3100
3135
3169
3202
3234
3265
3295
3324
3352
3379
3405
3430
3454
3477
3499
3520
3540
1607
1657
1707
1757
1807
1857
1907
1957
2007
2057
2107
2157
2207
2257
2307
2357
2407
2457
2506
2555
2603
2650
2696
2741
2785
2828
2870
2911
2951
2990
3028
3065
3101
3136
3170
3203
3235
3266
3296
3325
3353
3380
3406
3431
3455
3478
3500
3521
3541
3560
1658
1708
1758
1808
1858
1908
1958
2008
2058
2108
2158
2208
2258
2308
2358
2408
2458
2507
2556
2604
2651
2697
2742
2786
2829
2871
2912
2952
2991
3029
3066
3102
3137
3171
3204
3236
3267
3297
3326
3354
3381
3407
3432
3456
3479
3501
3522
3542
3561
3579
1709
1759
1809
1859
1909
1959
2009
2059
2109
2159
2209
2259
2309
2359
2409
2459
2508
2557
2605
2652
2698
2743
2787
2830
2872
2913
2953
2992
3030
3067
3103
3138
3172
3205
3237
3268
3298
3327
3355
3382
3408
3433
3457
3480
3502
3523
3543
3562
3580
3597
1760
1810
1860
1910
1960
2010
2060
2110
2160
2210
2260
2310
2360
2410
2460
2509
2558
2606
2653
2699
2744
2788
2831
2873
2914
2954
2993
3031
3068
3104
3139
3173
3206
3238
3269
3299
3328
3356
3383
3409
3434
3458
3481
3503
3524
3544
3563
3581
3598
3614
1811
1861
1911
1961
2011
2061
2111
2161
2211
2261
2311
2361
2411
2461
2510
2559
2607
2654
2700
2745
2789
2832
2874
2915
2955
2994
3032
3069
3105
3140
3174
3207
3239
3270
3300
3329
3357
3384
3410
3435
3459
3482
3504
3525
3545
3564
3582
3599
3615
3630
1862
1912
1962
2012
2062
2112
2162
2212
2262
2312
2362
2412
2462
2511
2560
2608
2655
2701
2746
2790
2833
2875
2916
2956
2995
3033
3070
3106
3141
3175
3208
3240
3271
3301
3330
3358
3385
3411
3436
3460
3483
3505
3526
3546
3565
3583
3600
3616
3631
3645
1913
1963
2013
2063
2113
2163
2213
2263
2313
2363
2413
2463
2512
2561
2609
2656
2702
2747
2791
2834
2876
2917
2957
2996
3034
3071
3107
3142
3176
3209
3241
3272
3302
3331
3359
3386
3412
3437
3461
3484
3506
3527
3547
3566
3584
3601
3617
3632
3646
3659
1964
2014
2064
2114
2164
2214
2264
2314
2364
2414
2464
2513
2562
2610
2657
2703
2748
2792
2835
2877
2918
2958
2997
3035
3072
3108
3143
3177
3210
3242
3273
3303
3332
3360
3387
3413
3438
3462
3485
3507
3528
3548
3567
3585
3602
3618
3633
3647
3660
3672
2015
2065
2115
2165
2215
2265
2315
2365
2415
2465
2514
2563
2611
2658
2704
2749
2793
2836
2878
2919
2959
2998
3036
3073
3109
3144
3178
3211
3243
3274
3304
3333
3361
3388
3414
3439
3463
3486
3508
3529
3549
3568
3586
3603
3619
3634
3648
3661
3673
3684
2066
2116
2166
2216
2266
2316
2366
2416
2466
2515
2564
2612
2659
2705
2750
2794
2837
2879
2920
2960
2999
3037
3074
3110
3145
3179
3212
3244
3275
3305
3334
3362
3389
3415
3440
3464
3487
3509
3530
3550
3569
3587
3604
3620
3635
3649
3662
3674
3685
3695
2117
2167
2217
2267
2317
2367
2417
2467
2516
2565
2613
2660
2706
2751
2795
2838
2880
2921
2961
3000
3038
3075
3111
3146
3180
3213
3245
3276
3306
3335
3363
3390
3416
3441
3465
3488
3510
3531
3551
3570
3588
3605
3621
3636
3650
3663
3675
3686
3696
3705
2168
2218
2268
2318
2368
2418
2468
2517
2566
2614
2661
2707
2752
2796
2839
2881
2922
2962
3001
3039
3076
3112
3147
3181
3214
3246
3277
3307
3336
3364
3391
3417
3442
3466
3489
3511
3532
3552
3571
3589
3606
3622
3637
3651
3664
3676
3687
3697
3706
3714
2219
2269
2319
2369
2419
2469
2518
2567
2615
2662
2708
2753
2797
2840
2882
2923
2963
3002
3040
3077
3113
3148
3182
3215
3247
3278
3308
3337
3365
3392
3418
3443
3467
3490
3512
3533
3553
3572
3590
3607
3623
3638
3652
3665
3677
3688
3698
3707
3715
3722
2270
2320
2370
2420
2470
2519
2568
2616
2663
2709
2754
2798
2841
2883
2924
2964
3003
3041
3078
3114
3149
3183
3216
3248
3279
3309
3338
3366
3393
3419
3444
3468
3491
3513
3534
3554
3573
3591
3608
3624
3639
3653
3666
3678
3689
3699
3708
3716
3723
3729
2321
2371
2421
2471
2520
2569
2617
2664
2710
2755
2799
2842
2884
2925
2965
3004
3042
3079
3115
3150
3184
3217
3249
3280
3310
3339
3367
3394
3420
3445
3469
3492
3514
3535
3555
3574
3592
3609
3625
3640
3654
3667
3679
3690
3700
3709
3717
3724
3730
3735
2372
2422
2472
2521
2570
2618
2665
2711
2756
2800
2843
2885
2926
2966
3005
3043
3080
3116
3151
3185
3218
3250
3281
3311
3340
3368
3395
3421
3446
3470
3493
3515
3536
3556
3575
3593
3610
3626
3641
3655
3668
3680
3691
3701
3710
3718
3725
3731
3736
3740
2423
2473
2522
2571
2619
2666
2712
2757
2801
2844
2886
2927
2967
3006
3044
3081
3117
3152
3186
3219
3251
3282
3312
3341
3369
3396
3422
3447
3471
3494
3516
3537
3557
3576
3594
3611
3627
3642
3656
3669
3681
3692
3702
3711
3719
3726
3732
3737
3741
3744
2474
2523
2572
2620
2667
2713
2758
2802
2845
2887
2928
2968
3007
3045
3082
3118
3153
3187
3220
3252
3283
3313
3342
3370
3397
3423
3448
3472
3495
3517
3538
3558
3577
3595
3612
3628
3643
3657
3670
3682
3693
3703
3712
3720
3727
3733
3738
3742
3745
3747
2524
2573
2621
2668
2714
2759
2803
2846
2888
2929
2969
3008
3046
3083
3119
3154
3188
3221
3253
3284
3314
3343
3371
3398
3424
3449
3473
3496
3518
3539
3559
3578
3596
3613
3629
3644
3658
3671
3683
3694
3704
3713
3721
3728
3734
3739
3743
3746
3748
3749
326
352
379
407
436
466
497
529
562
596
631
667
704
742
781
821
862
904
947
991
1036
1082
1129
1177
1226
1276
1326
1376
1426
1476
1526
1576
1626
1676
1726
1776
1826
1876
1926
1976
2026
2076
2126
2176
2226
2276
2326
2376
2426
2475
353
380
408
437
467
498
530
563
597
632
668
705
743
782
822
863
905
948
992
1037
1083
1130
1178
1227
1277
1327
1377
1427
1477
1527
1577
1627
1677
1727
1777
1827
1877
1927
1977
2027
2077
2127
2177
2227
2277
2327
2377
2427
2476
2525
381
409
438
468
499
531
564
598
633
669
706
744
783
823
864
906
949
993
1038
1084
1131
1179
1228
1278
1328
1378
1428
1478
1528
1578
1628
1678
1728
1778
1828
1878
1928
1978
2028
2078
2128
2178
2228
2278
2328
2378
2428
2477
2526
2574
410
439
469
500
532
565
599
634
670
707
745
784
824
865
907
950
994
1039
1085
1132
1180
1229
1279
1329
1379
1429
1479
1529
1579
1629
1679
1729
1779
1829
1879
1929
1979
2029
2079
2129
2179
2229
2279
2329
2379
2429
2478
2527
2575
2622
440
470
501
533
566
600
635
671
708
746
785
825
866
908
951
995
1040
1086
1133
1181
1230
1280
1330
1380
1430
1480
1530
1580
1630
1680
1730
1780
1830
1880
1930
1980
2030
2080
2130
2180
2230
2280
2330
2380
2430
2479
2528
2576
2623
2669
471
502
534
567
601
636
672
709
747
786
826
867
909
952
996
1041
1087
1134
1182
1231
1281
1331
1381
1431
1481
1531
1581
1631
1681
1731
1781
1831
1881
1931
1981
2031
2081
2131
2181
2231
2281
2331
2381
2431
2480
2529
2577
2624
2670
2715
503
535
568
602
637
673
710
748
787
827
868
910
953
997
1042
1088
1135
1183
1232
1282
1332
1382
1432
1482
1532
1582
1632
1682
1732
1782
1832
1882
1932
1982
2032
2082
2132
2182
2232
2282
2332
2382
2432
2481
2530
2578
2625
2671
2716
2760
536
569
603
638
674
711
749
788
828
869
911
954
998
1043
1089
1136
1184
1233
1283
1333
1383
1433
1483
1533
1583
1633
1683
1733
1783
1833
1883
1933
1983
2033
2083
2133
2183
2233
2283
2333
2383
2433
2482
2531
2579
2626
2672
2717
2761
2804
570
604
639
675
712
750
789
829
870
912
955
999
1044
1090
1137
1185
1234
1284
1334
1384
1434
1484
1534
1584
1634
1684
1734
1784
1834
1884
1934
1984
2034
2084
2134
2184
2234
2284
2334
2384
2434
2483
2532
2580
2627
2673
2718
2762
2805
2847
605
640
676
713
751
790
830
871
913
956
1000
1045
1091
1138
1186
1235
1285
1335
1385
1435
1485
1535
1585
1635
1685
1735
1785
1835
1885
1935
1985
2035
2085
2135
2185
2235
2285
2335
2385
2435
2484
2533
2581
2628
2674
2719
2763
2806
2848
2889
641
677
714
752
791
831
872
914
957
1001
1046
1092
1139
1187
1236
1286
1336
1386
1436
1486
1536
1586
1636
1686
1736
1786
1836
1886
1936
1986
2036
2086
2136
2186
2236
2286
2336
2386
2436
2485
2534
2582
2629
2675
2720
2764
2807
2849
2890
2930
678
715
753
792
832
873
915
958
1002
1047
1093
1140
1188
1237
1287
1337
1387
1437
1487
1537
1587
1637
1687
1737
1787
1837
1887
1937
1987
2037
2087
2137
2187
2237
2287
2337
2387
2437
2486
2535
2583
2630
2676
2721
2765
2808
2850
2891
2931
2970
716
754
793
833
874
916
959
1003
1048
1094
1141
1189
1238
1288
1338
1388
1438
1488
1538
1588
1638
1688
1738
1788
1838
1888
1938
1988
2038
2088
2138
2188
2238
2288
2338
2388
2438
2487
2536
2584
2631
2677
2722
2766
2809
2851
2892
2932
2971
3009
755
794
834
875
917
960
1004
1049
1095
1142
1190
1239
1289
1339
1389
1439
1489
1539
1589
1639
1689
1739
1789
1839
1889
1939
1989
2039
2089
2139
2189
2239
2289
2339
2389
2439
2488
2537
2585
2632
2678
2723
2767
2810
2852
2893
2933
2972
3010
3047
795
835
876
918
961
1005
1050
1096
1143
1191
1240
1290
1340
1390
1440
1490
1540
1590
1640
1690
1740
1790
1840
1890
1940
1990
2040
2090
2140
2190
2240
2290
2340
2390
2440
2489
2538
2586
2633
2679
2724
2768
2811
2853
2894
2934
2973
3011
3048
3084
836
877
919
962
1006
1051
1097
1144
1192
1241
1291
1341
1391
1441
1491
1541
1591
1641
1691
1741
1791
1841
1891
1941
1991
2041
2091
2141
2191
2241
2291
2341
2391
2441
2490
2539
2587
2634
2680
2725
2769
2812
2854
2895
2935
2974
3012
3049
3085
3120
878
920
963
1007
1052
1098
1145
1193
1242
1292
1342
1392
1442
1492
1542
1592
1642
1692
1742
1792
1842
1892
1942
1992
2042
2092
2142
2192
2242
2292
2342
2392
2442
2491
2540
2588
2635
2681
2726
2770
2813
2855
2896
2936
2975
3013
3050
3086
3121
3155
921
964
1008
1053
1099
1146
1194
1243
1293
1343
1393
1443
1493
1543
1593
1643
1693
1743
1793
1843
1893
1943
1993
2043
2093
2143
2193
2243
2293
2343
2393
2443
2492
2541
2589
2636
2682
2727
2771
2814
2856
2897
2937
2976
3014
3051
3087
3122
3156
3189
965
1009
1054
1100
1147
1195
1244
1294
1344
1394
1444
1494
1544
1594
1644
1694
1744
1794
1844
1894
1944
1994
2044
2094
2144
2194
2244
2294
2344
2394
2444
2493
2542
2590
2637
2683
2728
2772
2815
2857
2898
2938
2977
3015
3052
3088
3123
3157
3190
3222
1010
1055
1101
1148
1196
1245
1295
1345
1395
1445
1495
1545
1595
1645
1695
1745
1795
1845
1895
1945
1995
2045
2095
2145
2195
2245
2295
2345
2395
2445
2494
2543
2591
2638
2684
2729
2773
2816
2858
2899
2939
2978
3016
3053
3089
3124
3158
3191
3223
3254
1056
1102
1149
1197
1246
1296
1346
1396
1446
1496
1546
1596
1646
1696
1746
1796
1846
1896
1946
1996
2046
2096
2146
2196
2246
2296
2346
2396
2446
2495
2544
2592
2639
2685
2730
2774
2817
2859
2900
2940
2979
3017
3054
3090
3125
3159
3192
3224
3255
3285
1103
1150
1198
1247
1297
1347
1397
1447
1497
1547
1597
1647
1697
1747
1797
1847
1897
1947
1997
2047
2097
2147
2197
2247
2297
2347
2397
2447
2496
2545
2593
2640
2686
2731
2775
2818
2860
2901
2941
2980
3018
3055
3091
3126
3160
3193
3225
3256
3286
3315
1151
1199
1248
1298
1348
1398
1448
1498
1548
1598
1648
1698
1748
1798
1848
1898
1948
1998
2048
2098
2148
2198
2248
2298
2348
2398
2448
2497
2546
2594
2641
2687
2732
2776
2819
2861
2902
2942
2981
3019
3056
3092
3127
3161
3194
3226
3257
3287
3316
3344
1200
1249
1299
1349
1399
1449
1499
1549
1599
1649
1699
1749
1799
1849
1899
1949
1999
2049
2099
2149
2199
2249
2299
2349
2399
2449
2498
2547
2595
2642
2688
2733
2777
2820
2862
2903
2943
2982
3020
3057
3093
3128
3162
3195
3227
3258
3288
3317
3345
3372
1250
1300
1350
1400
1450
1500
1550
1600
1650
1700
1750
1800
1850
1900
1950
2000
2050
2100
2150
2200
2250
2300
2350
2400
2450
2499
2548
2596
2643
2689
2734
2778
2821
2863
2904
2944
2983
3021
3058
3094
3129
3163
3196
3228
3259
3289
3318
3346
3373
3399
1301
1351
1401
1451
1501
1551
1601
1651
1701
1751
1801
1851
1901
1951
2001
2051
2101
2151
2201
2251
2301
2351
2401
2451
2500
2549
2597
2644
2690
2735
2779
2822
2864
2905
2945
2984
3022
3059
3095
3130
3164
3197
3229
3260
3290
3319
3347
3374
3400
3425
1352
1402
1452
1502
1552
1602
1652
1702
1752
1802
1852
1902
1952
2002
2052
2102
2152
2202
2252
2302
2352
2402
2452
2501
2550
2598
2645
2691
2736
2780
2823
2865
2906
2946
2985
3023
3060
3096
3131
3165
3198
3230
3261
3291
3320
3348
3375
3401
3426
3450
1403
1453
1503
1553
1603
1653
1703
1753
1803
1853
1903
1953
2003
2053
2103
2153
2203
2253
2303
2353
2403
2453
2502
2551
2599
2646
2692
2737
2781
2824
2866
2907
2947
2986
3024
3061
3097
3132
3166
3199
3231
3262
3292
3321
3349
3376
3402
3427
3451
3474
1454
1504
1554
1604
1654
1704
1754
1804
1854
1904
1954
2004
2054
2104
2154
2204
2254
2304
2354
2404
2454
2503
2552
2600
2647
2693
2738
2782
2825
2867
2908
2948
2987
3025
3062
3098
3133
3167
3200
3232
3263
3293
3322
3350
3377
3403
3428
3452
3475
3497
1505
1555
1605
1655
1705
1755
1805
1855
1905
1955
2005
2055
2105
2155
2205
2255
2305
2355
2405
2455
2504
2553
2601
2648
2694
2739
2783
2826
2868
2909
2949
2988
3026
3063
3099
3134
3168
3201
3233
3264
3294
3323
3351
3378
3404
3429
3453
3476
3498
3519
1556
1606
1656
1706
1756
1806
1856
1906
1956
2006
2056
2106
2156
2206
2256
2306
2356
2406
2456
2505
2554
2602
2649
2695
2740
2784
2827
2869
2910
2950
2989
3027
3064
3100
3135
3169
3202
3234
3265
3295
3324
3352
3379
3405
3430
3454
3477
3499
3520
3540
1607
1657
1707
1757
1807
1857
1907
1957
2007
2057
2107
2157
2207
2257
2307
2357
2407
2457
2506
2555
2603
2650
2696
2741
2785
2828
2870
2911
2951
2990
3028
3065
3101
3136
3170
3203
3235
3266
3296
3325
3353
3380
3406
3431
3455
3478
3500
3521
3541
3560
1658
1708
1758
1808
1858
1908
1958
2008
2058
2108
2158
2208
2258
2308
2358
2408
2458
2507
2556
2604
2651
2697
2742
2786
2829
2871
2912
2952
2991
3029
3066
3102
3137
3171
3204
3236
3267
3297
3326
3354
3381
3407
3432
3456
3479
3501
3522
3542
3561
3579
1709
1759
1809
1859
1909
1959
2009
2059
2109
2159
2209
2259
2309
2359
2409
2459
2508
2557
2605
2652
2698
2743
2787
2830
2872
2913
2953
2992
3030
3067
3103
3138
3172
3205
3237
3268
3298
3327
3355
3382
3408
3433
3457
3480
3502
3523
3543
3562
3580
3597
1760
1810
1860
1910
1960
2010
2060
2110
2160
2210
2260
2310
2360
2410
2460
2509
2558
2606
2653
2699
2744
2788
2831
2873
2914
2954
2993
3031
3068
3104
3139
3173
3206
3238
3269
3299
3328
3356
3383
3409
3434
3458
3481
3503
3524
3544
3563
3581
3598
3614
1811
1861
1911
1961
2011
2061
2111
2161
2211
2261
2311
2361
2411
2461
2510
2559
2607
2654
2700
2745
2789
2832
2874
2915
2955
2994
3032
3069
3105
3140
3174
3207
3239
3270
3300
3329
3357
3384
3410
3435
3459
3482
3504
3525
3545
3564
3582
3599
3615
3630
1862
1912
1962
2012
2062
2112
2162
2212
2262
2312
2362
2412
2462
2511
2560
2608
2655
2701
2746
2790
2833
2875
2916
2956
2995
3033
3070
3106
3141
3175
3208
3240
3271
3301
3330
3358
3385
3411
3436
3460
3483
3505
3526
3546
3565
3583
3600
3616
3631
3645
1913
1963
2013
2063
2113
2163
2213
2263
2313
2363
2413
2463
2512
2561
2609
2656
2702
2747
2791
2834
2876
2917
2957
2996
3034
3071
3107
3142
3176
3209
3241
3272
3302
3331
3359
3386
3412
3437
3461
3484
3506
3527
3547
3566
3584
3601
3617
3632
3646
3659
1964
2014
2064
2114
2164
2214
2264
2314
2364
2414
2464
2513
2562
2610
2657
2703
2748
2792
2835
2877
2918
2958
2997
3035
3072
3108
3143
3177
3210
3242
3273
3303
3332
3360
3387
3413
3438
3462
3485
3507
3528
3548
3567
3585
3602
3618
3633
3647
3660
3672
2015
2065
2115
2165
2215
2265
2315
2365
2415
2465
2514
2563
2611
2658
2704
2749
2793
2836
2878
2919
2959
2998
3036
3073
3109
3144
3178
3211
3243
3274
3304
3333
3361
3388
3414
3439
3463
3486
3508
3529
3549
3568
3586
3603
3619
3634
3648
3661
3673
3684
2066
2116
2166
2216
2266
2316
2366
2416
2466
2515
2564
2612
2659
2705
2750
2794
2837
2879
2920
2960
2999
3037
3074
3110
3145
3179
3212
3244
3275
3305
3334
3362
3389
3415
3440
3464
3487
3509
3530
3550
3569
3587
3604
3620
3635
3649
3662
3674
3685
3695
2117
2167
2217
2267
2317
2367
2417
2467
2516
2565
2613
2660
2706
2751
2795
2838
2880
2921
2961
3000
3038
3075
3111
3146
3180
3213
3245
3276
3306
3335
3363
3390
3416
3441
3465
3488
3510
3531
3551
3570
3588
3605
3621
3636
3650
3663
3675
3686
3696
3705
2168
2218
2268
2318
2368
2418
2468
2517
2566
2614
2661
2707
2752
2796
2839
2881
2922
2962
3001
3039
3076
3112
3147
3181
3214
3246
3277
3307
3336
3364
3391
3417
3442
3466
3489
3511
3532
3552
3571
3589
3606
3622
3637
3651
3664
3676
3687
3697
3706
3714
2219
2269
2319
2369
2419
2469
2518
2567
2615
2662
2708
2753
2797
2840
2882
2923
2963
3002
3040
3077
3113
3148
3182
3215
3247
3278
3308
3337
3365
3392
3418
3443
3467
3490
3512
3533
3553
3572
3590
3607
3623
3638
3652
3665
3677
3688
3698
3707
3715
3722
2270
2320
2370
2420
2470
2519
2568
2616
2663
2709
2754
2798
2841
2883
2924
2964
3003
3041
3078
3114
3149
3183
3216
3248
3279
3309
3338
3366
3393
3419
3444
3468
3491
3513
3534
3554
3573
3591
3608
3624
3639
3653
3666
3678
3689
3699
3708
3716
3723
3729
2321
2371
2421
2471
2520
2569
2617
2664
2710
2755
2799
2842
2884
2925
2965
3004
3042
3079
3115
3150
3184
3217
3249
3280
3310
3339
3367
3394
3420
3445
3469
3492
3514
3535
3555
3574
3592
3609
3625
3640
3654
3667
3679
3690
3700
3709
3717
3724
3730
3735
2372
2422
2472
2521
2570
2618
2665
2711
2756
2800
2843
2885
2926
2966
3005
3043
3080
3116
3151
3185
3218
3250
3281
3311
3340
3368
3395
3421
3446
3470
3493
3515
3536
3556
3575
3593
3610
3626
3641
3655
3668
3680
3691
3701
3710
3718
3725
3731
3736
3740
2423
2473
2522
2571
2619
2666
2712
2757
2801
2844
2886
2927
2967
3006
3044
3081
3117
3152
3186
3219
3251
3282
3312
3341
3369
3396
3422
3447
3471
3494
3516
3537
3557
3576
3594
3611
3627
3642
3656
3669
3681
3692
3702
3711
3719
3726
3732
3737
3741
3744
2474
2523
2572
2620
2667
2713
2758
2802
2845
2887
2928
2968
3007
3045
3082
3118
3153
3187
3220
3252
3283
3313
3342
3370
3397
3423
3448
3472
3495
3517
3538
3558
3577
3595
3612
3628
3643
3657
3670
3682
3693
3703
3712
3720
3727
3733
3738
3742
3745
3747
2524
2573
2621
2668
2714
2759
2803
2846
2888
2929
2969
3008
3046
3083
3119
3154
3188
3221
3253
3284
3314
3343
3371
3398
3424
3449
3473
3496
3518
3539
3559
3578
3596
3613
3629
3644
3658
3671
3683
3694
3704
3713
3721
3728
3734
3739
3743
3746
3748
3749
)


// ************************************************************************* //
