/*--------------------------------*- C++ -*----------------------------------*\
  =========                 |
  \\      /  F ield         | OpenFOAM: The Open Source CFD Toolbox
   \\    /   O peration     | Website:  https://openfoam.org
    \\  /    A nd           | Version:  6
     \\/     M anipulation  |
\*---------------------------------------------------------------------------*/
FoamFile
{
    version     2.0;
    format      ascii;
    class       labelList;
    note        "nPoints:2686  nCells:1264  nFaces:5135  nInternalFaces:2449";
    location    "constant/polyMesh";
    object      owner;
}
// * * * * * * * * * * * * * * * * * * * * * * * * * * * * * * * * * * * * * //


5135
(
0
0
0
1
1
2
2
3
3
3
4
4
5
5
6
6
7
7
8
8
8
9
9
10
10
11
11
12
12
13
13
14
14
15
15
15
16
16
17
17
18
18
19
19
20
20
21
21
22
22
23
23
24
24
24
25
25
26
26
27
27
28
28
29
29
30
30
31
31
32
32
33
33
34
34
35
35
35
36
36
37
37
38
38
39
39
40
40
41
41
42
42
43
43
44
44
45
45
46
46
47
47
48
48
48
49
49
50
50
51
51
52
52
53
53
54
54
55
55
56
56
57
57
58
58
59
59
60
60
61
61
62
62
63
63
63
64
64
65
65
66
66
67
67
68
68
69
69
70
70
71
71
72
72
73
73
74
74
75
75
76
76
77
77
78
78
79
79
80
80
80
81
81
82
82
83
83
84
84
85
85
86
86
87
87
88
88
89
89
90
90
91
91
92
92
93
93
94
94
95
95
96
96
97
97
98
98
99
99
99
100
100
101
101
102
102
103
103
104
104
105
105
106
106
107
107
108
108
109
109
110
110
111
111
112
112
113
113
114
114
115
115
116
116
117
117
118
118
119
119
120
120
120
121
121
122
122
123
123
124
124
125
125
126
126
127
127
128
128
129
129
130
130
131
131
132
132
133
133
134
134
135
135
136
136
137
137
138
138
139
139
140
140
141
141
142
142
143
143
143
144
144
145
145
146
146
147
147
148
148
149
149
150
150
151
151
152
152
153
153
154
154
155
155
156
156
157
157
158
158
159
159
160
160
161
161
162
162
163
163
164
164
165
165
166
166
167
167
168
168
168
169
169
170
170
171
171
172
172
173
173
174
174
175
175
176
176
177
177
178
178
179
179
180
180
181
181
182
182
183
183
184
184
185
185
186
186
187
187
188
188
189
189
190
190
191
191
192
192
193
193
194
194
195
195
195
196
196
197
197
198
198
199
199
200
200
201
201
202
202
203
203
204
204
205
205
206
206
207
207
208
208
209
209
210
210
211
211
212
212
213
213
214
214
215
215
216
216
217
217
218
218
219
219
220
220
221
221
222
222
223
223
224
224
224
225
225
226
226
227
227
228
228
229
229
230
230
231
231
232
232
233
233
234
234
235
235
236
236
237
237
238
238
239
239
240
240
241
241
242
242
243
243
244
244
245
245
246
246
247
247
248
248
249
249
250
250
251
251
252
252
253
253
254
254
255
255
256
256
257
257
258
258
259
259
260
260
261
261
262
262
263
263
264
264
265
265
266
266
267
267
268
268
269
269
270
270
271
272
272
273
273
274
274
275
275
276
276
277
277
278
278
279
279
280
280
281
281
282
282
283
283
284
284
285
285
286
286
287
288
288
289
289
290
290
291
291
292
292
293
293
294
294
295
295
296
296
297
297
298
298
299
299
300
300
301
301
302
302
303
304
304
305
305
306
306
307
307
308
308
309
309
310
310
311
311
312
312
313
313
314
314
315
315
316
316
317
317
318
318
319
320
320
321
321
322
322
323
323
324
324
325
325
326
326
327
327
328
328
329
329
330
330
331
331
332
332
333
333
334
334
335
336
336
337
337
338
338
339
339
340
340
341
341
342
342
343
343
344
344
345
345
346
346
347
347
348
348
349
349
350
350
351
352
352
353
353
354
354
355
355
356
356
357
357
358
358
359
359
360
360
361
361
362
362
363
363
364
364
365
365
366
366
367
368
368
369
369
370
370
371
371
372
372
373
373
374
374
375
375
376
376
377
377
378
378
379
379
380
380
381
381
382
382
383
384
384
385
385
386
386
387
387
388
388
389
389
390
390
391
391
392
392
393
393
394
394
395
395
396
396
397
397
398
398
399
400
400
401
401
402
402
403
403
404
404
405
405
406
406
407
407
408
408
409
409
410
410
411
411
412
412
413
413
414
414
415
416
416
417
417
418
418
419
419
420
420
421
421
422
422
423
423
424
424
425
425
426
426
427
427
428
428
429
429
430
430
431
432
432
433
433
434
434
435
435
436
436
437
437
438
438
439
439
440
440
441
441
442
442
443
443
444
444
445
445
446
446
447
448
448
449
449
450
450
451
451
452
452
453
453
454
454
455
455
456
456
457
457
458
458
459
459
460
460
461
461
462
462
463
464
464
465
465
466
466
467
467
468
468
469
469
470
470
471
471
472
472
473
473
474
474
475
475
476
476
477
477
478
478
479
480
480
481
481
482
482
483
483
484
484
485
485
486
486
487
487
488
488
489
489
490
490
491
491
492
492
493
493
494
494
495
496
496
497
497
498
498
499
499
500
500
501
501
502
502
503
503
504
504
505
505
506
506
507
507
508
508
509
509
510
510
511
512
512
513
513
514
514
515
515
516
516
517
517
518
518
519
519
520
520
521
521
522
522
523
523
524
524
525
525
526
526
527
528
528
529
529
530
530
531
531
532
532
533
533
534
534
535
535
536
536
537
537
538
538
539
539
540
540
541
541
542
542
543
544
544
545
545
546
546
547
547
548
548
549
549
550
550
551
551
552
552
553
553
554
554
555
555
556
556
557
557
558
558
559
560
560
561
561
562
562
563
563
564
564
565
565
566
566
567
567
568
568
569
569
570
570
571
571
572
572
573
573
574
574
575
576
576
577
577
578
578
579
579
580
580
581
581
582
582
583
583
584
584
585
585
586
586
587
587
588
588
589
589
590
590
591
592
592
593
593
594
594
595
595
596
596
597
597
598
598
599
599
600
600
601
601
602
602
603
603
604
604
605
605
606
606
607
608
608
609
609
610
610
611
611
612
612
613
613
614
614
615
615
616
616
617
617
618
618
619
619
620
620
621
621
622
622
623
624
624
625
625
626
626
627
627
628
628
629
629
630
630
631
631
632
632
633
633
634
634
635
635
636
636
637
637
638
638
639
640
640
641
641
642
642
643
643
644
644
645
645
646
646
647
647
648
648
649
649
650
650
651
651
652
652
653
653
654
654
655
656
656
657
657
658
658
659
659
660
660
661
661
662
662
663
663
664
664
665
665
666
666
667
667
668
668
669
669
670
670
671
672
672
673
673
674
674
675
675
676
676
677
677
678
678
679
679
680
680
681
681
682
682
683
683
684
684
685
685
686
686
687
688
688
689
689
690
690
691
691
692
692
693
693
694
694
695
695
696
696
697
697
698
698
699
699
700
700
701
701
702
702
703
704
704
705
705
706
706
707
707
708
708
709
709
710
710
711
711
712
712
713
713
714
714
715
715
716
716
717
717
718
718
719
720
720
721
721
722
722
723
723
724
724
725
725
726
726
727
727
728
728
729
729
730
730
731
731
732
732
733
733
734
734
735
736
736
737
737
738
738
739
739
740
740
741
741
742
742
743
743
744
744
745
745
746
746
747
747
748
748
749
749
750
750
751
752
752
753
753
754
754
755
755
756
756
757
757
758
758
759
759
760
760
761
761
762
762
763
763
764
764
765
765
766
766
767
768
768
769
769
770
770
771
771
772
772
773
773
774
774
775
775
776
776
777
777
778
778
779
779
780
780
781
781
782
782
783
784
784
785
785
786
786
787
787
788
788
789
789
790
790
791
791
792
792
793
793
794
794
795
795
796
796
797
797
798
798
799
800
800
801
801
802
802
803
803
804
804
805
805
806
806
807
807
808
808
809
809
810
810
811
811
812
812
813
813
814
814
815
816
816
817
817
818
818
819
819
820
820
821
821
822
822
823
823
824
824
825
825
826
826
827
827
828
828
829
829
830
830
831
832
832
833
833
834
834
835
835
836
836
837
837
838
838
839
839
840
840
841
841
842
842
843
843
844
844
845
845
846
846
847
848
848
849
849
850
850
851
851
852
852
853
853
854
854
855
855
856
856
857
857
858
858
859
859
860
860
861
861
862
862
863
864
864
865
865
866
866
867
867
868
868
869
869
870
870
871
871
872
872
873
873
874
874
875
875
876
876
877
877
878
878
879
880
880
881
881
882
882
883
883
884
884
885
885
886
886
887
887
888
888
889
889
890
890
891
891
892
892
893
893
894
894
895
896
896
897
897
898
898
899
899
900
900
901
901
902
902
903
903
904
904
905
905
906
906
907
907
908
908
909
909
910
910
911
912
912
913
913
914
914
915
915
916
916
917
917
918
918
919
919
920
920
921
921
922
922
923
923
924
924
925
925
926
926
927
928
928
929
929
930
930
931
931
932
932
933
933
934
934
935
935
936
936
937
937
938
938
939
939
940
940
941
941
942
942
943
944
944
945
945
946
946
947
947
948
948
949
949
950
950
951
951
952
952
953
953
954
954
955
955
956
956
957
957
958
958
959
960
960
961
961
962
962
963
963
964
964
965
965
966
966
967
967
968
968
969
969
970
970
971
971
972
972
973
973
974
974
975
976
976
977
977
978
978
979
979
980
980
981
981
982
982
983
983
984
984
985
985
986
986
987
987
988
988
989
989
990
990
991
992
992
993
993
994
994
995
995
996
996
997
997
998
998
999
999
1000
1000
1001
1001
1002
1002
1003
1003
1004
1004
1005
1005
1006
1006
1007
1008
1009
1009
1010
1010
1011
1011
1012
1012
1013
1013
1014
1014
1015
1015
1016
1016
1017
1017
1018
1018
1019
1019
1020
1020
1021
1021
1022
1022
1023
1024
1024
1025
1025
1026
1026
1027
1027
1028
1028
1029
1029
1030
1030
1031
1031
1032
1032
1033
1033
1034
1034
1035
1035
1036
1036
1037
1037
1038
1039
1040
1040
1041
1041
1042
1042
1043
1043
1044
1044
1045
1045
1046
1046
1047
1047
1048
1048
1049
1049
1050
1050
1051
1051
1052
1052
1053
1054
1054
1055
1055
1056
1056
1057
1057
1058
1058
1059
1059
1060
1060
1061
1061
1062
1062
1063
1063
1064
1064
1065
1065
1066
1066
1067
1068
1069
1069
1070
1070
1071
1071
1072
1072
1073
1073
1074
1074
1075
1075
1076
1076
1077
1077
1078
1078
1079
1079
1080
1080
1081
1082
1082
1083
1083
1084
1084
1085
1085
1086
1086
1087
1087
1088
1088
1089
1089
1090
1090
1091
1091
1092
1092
1093
1093
1094
1095
1096
1096
1097
1097
1098
1098
1099
1099
1100
1100
1101
1101
1102
1102
1103
1103
1104
1104
1105
1105
1106
1106
1107
1108
1108
1109
1109
1110
1110
1111
1111
1112
1112
1113
1113
1114
1114
1115
1115
1116
1116
1117
1117
1118
1118
1119
1120
1121
1121
1122
1122
1123
1123
1124
1124
1125
1125
1126
1126
1127
1127
1128
1128
1129
1129
1130
1130
1131
1132
1132
1133
1133
1134
1134
1135
1135
1136
1136
1137
1137
1138
1138
1139
1139
1140
1140
1141
1141
1142
1143
1144
1144
1145
1145
1146
1146
1147
1147
1148
1148
1149
1149
1150
1150
1151
1151
1152
1152
1153
1154
1154
1155
1155
1156
1156
1157
1157
1158
1158
1159
1159
1160
1160
1161
1161
1162
1162
1163
1164
1165
1165
1166
1166
1167
1167
1168
1168
1169
1169
1170
1170
1171
1171
1172
1172
1173
1174
1174
1175
1175
1176
1176
1177
1177
1178
1178
1179
1179
1180
1180
1181
1181
1182
1183
1184
1184
1185
1185
1186
1186
1187
1187
1188
1188
1189
1189
1190
1190
1191
1192
1192
1193
1193
1194
1194
1195
1195
1196
1196
1197
1197
1198
1198
1199
1200
1201
1201
1202
1202
1203
1203
1204
1204
1205
1205
1206
1206
1207
1208
1208
1209
1209
1210
1210
1211
1211
1212
1212
1213
1213
1214
1215
1216
1216
1217
1217
1218
1218
1219
1219
1220
1220
1221
1222
1222
1223
1223
1224
1224
1225
1225
1226
1226
1227
1228
1229
1229
1230
1230
1231
1231
1232
1232
1233
1234
1234
1235
1235
1236
1236
1237
1237
1238
1239
1240
1240
1241
1241
1242
1242
1243
1244
1244
1245
1245
1246
1246
1247
1248
1249
1249
1250
1250
1251
1252
1252
1253
1253
1254
1255
1256
1256
1257
1258
1258
1259
1260
1261
1262
0
1
4
9
16
25
36
49
64
81
100
121
144
169
196
225
256
288
320
352
384
416
448
480
512
544
576
608
640
672
704
736
768
800
832
864
896
928
960
992
1008
976
944
912
880
848
816
784
752
720
688
656
624
592
560
528
496
464
432
400
368
336
304
272
240
210
182
156
132
110
90
72
56
42
30
20
12
6
2
0
1
4
9
16
25
36
49
64
81
100
121
144
169
196
225
256
288
320
352
384
416
448
480
512
544
576
608
640
672
704
736
768
800
832
864
896
928
960
992
1008
976
944
912
880
848
816
784
752
720
688
656
624
592
560
528
496
464
432
400
368
336
304
272
240
210
182
156
132
110
90
72
56
42
30
20
12
6
2
3
5
10
17
26
37
50
65
82
101
122
145
170
197
226
257
289
321
353
385
417
449
481
513
545
577
609
641
673
705
737
769
801
833
865
897
929
961
993
1024
1039
1009
977
945
913
881
849
817
785
753
721
689
657
625
593
561
529
497
465
433
401
369
337
305
273
241
211
183
157
133
111
91
73
57
43
31
21
13
7
8
11
18
27
38
51
66
83
102
123
146
171
198
227
258
290
322
354
386
418
450
482
514
546
578
610
642
674
706
738
770
802
834
866
898
930
962
994
1025
1054
1068
1040
1010
978
946
914
882
850
818
786
754
722
690
658
626
594
562
530
498
466
434
402
370
338
306
274
242
212
184
158
134
112
92
74
58
44
32
22
14
15
19
28
39
52
67
84
103
124
147
172
199
228
259
291
323
355
387
419
451
483
515
547
579
611
643
675
707
739
771
803
835
867
899
931
963
995
1026
1055
1082
1095
1069
1041
1011
979
947
915
883
851
819
787
755
723
691
659
627
595
563
531
499
467
435
403
371
339
307
275
243
213
185
159
135
113
93
75
59
45
33
23
24
29
40
53
68
85
104
125
148
173
200
229
260
292
324
356
388
420
452
484
516
548
580
612
644
676
708
740
772
804
836
868
900
932
964
996
1027
1056
1083
1108
1120
1096
1070
1042
1012
980
948
916
884
852
820
788
756
724
692
660
628
596
564
532
500
468
436
404
372
340
308
276
244
214
186
160
136
114
94
76
60
46
34
35
41
54
69
86
105
126
149
174
201
230
261
293
325
357
389
421
453
485
517
549
581
613
645
677
709
741
773
805
837
869
901
933
965
997
1028
1057
1084
1109
1132
1143
1121
1097
1071
1043
1013
981
949
917
885
853
821
789
757
725
693
661
629
597
565
533
501
469
437
405
373
341
309
277
245
215
187
161
137
115
95
77
61
47
48
55
70
87
106
127
150
175
202
231
262
294
326
358
390
422
454
486
518
550
582
614
646
678
710
742
774
806
838
870
902
934
966
998
1029
1058
1085
1110
1133
1154
1164
1144
1122
1098
1072
1044
1014
982
950
918
886
854
822
790
758
726
694
662
630
598
566
534
502
470
438
406
374
342
310
278
246
216
188
162
138
116
96
78
62
63
71
88
107
128
151
176
203
232
263
295
327
359
391
423
455
487
519
551
583
615
647
679
711
743
775
807
839
871
903
935
967
999
1030
1059
1086
1111
1134
1155
1174
1183
1165
1145
1123
1099
1073
1045
1015
983
951
919
887
855
823
791
759
727
695
663
631
599
567
535
503
471
439
407
375
343
311
279
247
217
189
163
139
117
97
79
80
89
108
129
152
177
204
233
264
296
328
360
392
424
456
488
520
552
584
616
648
680
712
744
776
808
840
872
904
936
968
1000
1031
1060
1087
1112
1135
1156
1175
1192
1200
1184
1166
1146
1124
1100
1074
1046
1016
984
952
920
888
856
824
792
760
728
696
664
632
600
568
536
504
472
440
408
376
344
312
280
248
218
190
164
140
118
98
99
109
130
153
178
205
234
265
297
329
361
393
425
457
489
521
553
585
617
649
681
713
745
777
809
841
873
905
937
969
1001
1032
1061
1088
1113
1136
1157
1176
1193
1208
1215
1201
1185
1167
1147
1125
1101
1075
1047
1017
985
953
921
889
857
825
793
761
729
697
665
633
601
569
537
505
473
441
409
377
345
313
281
249
219
191
165
141
119
120
131
154
179
206
235
266
298
330
362
394
426
458
490
522
554
586
618
650
682
714
746
778
810
842
874
906
938
970
1002
1033
1062
1089
1114
1137
1158
1177
1194
1209
1222
1228
1216
1202
1186
1168
1148
1126
1102
1076
1048
1018
986
954
922
890
858
826
794
762
730
698
666
634
602
570
538
506
474
442
410
378
346
314
282
250
220
192
166
142
143
155
180
207
236
267
299
331
363
395
427
459
491
523
555
587
619
651
683
715
747
779
811
843
875
907
939
971
1003
1034
1063
1090
1115
1138
1159
1178
1195
1210
1223
1234
1239
1229
1217
1203
1187
1169
1149
1127
1103
1077
1049
1019
987
955
923
891
859
827
795
763
731
699
667
635
603
571
539
507
475
443
411
379
347
315
283
251
221
193
167
168
181
208
237
268
300
332
364
396
428
460
492
524
556
588
620
652
684
716
748
780
812
844
876
908
940
972
1004
1035
1064
1091
1116
1139
1160
1179
1196
1211
1224
1235
1244
1248
1240
1230
1218
1204
1188
1170
1150
1128
1104
1078
1050
1020
988
956
924
892
860
828
796
764
732
700
668
636
604
572
540
508
476
444
412
380
348
316
284
252
222
194
195
209
238
269
301
333
365
397
429
461
493
525
557
589
621
653
685
717
749
781
813
845
877
909
941
973
1005
1036
1065
1092
1117
1140
1161
1180
1197
1212
1225
1236
1245
1252
1255
1249
1241
1231
1219
1205
1189
1171
1151
1129
1105
1079
1051
1021
989
957
925
893
861
829
797
765
733
701
669
637
605
573
541
509
477
445
413
381
349
317
285
253
223
224
239
270
302
334
366
398
430
462
494
526
558
590
622
654
686
718
750
782
814
846
878
910
942
974
1006
1037
1066
1093
1118
1141
1162
1181
1198
1213
1226
1237
1246
1253
1258
1260
1256
1250
1242
1232
1220
1206
1190
1172
1152
1130
1106
1080
1052
1022
990
958
926
894
862
830
798
766
734
702
670
638
606
574
542
510
478
446
414
382
350
318
286
254
255
271
303
335
367
399
431
463
495
527
559
591
623
655
687
719
751
783
815
847
879
911
943
975
1007
1038
1067
1094
1119
1142
1163
1182
1199
1214
1227
1238
1247
1254
1259
1262
1263
1261
1257
1251
1243
1233
1221
1207
1191
1173
1153
1131
1107
1081
1053
1023
991
959
927
895
863
831
799
767
735
703
671
639
607
575
543
511
479
447
415
383
351
319
287
0
1
4
9
16
25
36
49
64
81
100
121
144
169
196
225
256
288
320
352
384
416
448
480
512
544
576
608
640
672
704
736
768
800
832
864
896
928
960
992
1008
976
944
912
880
848
816
784
752
720
688
656
624
592
560
528
496
464
432
400
368
336
304
272
240
210
182
156
132
110
90
72
56
42
30
20
12
6
2
3
5
10
17
26
37
50
65
82
101
122
145
170
197
226
257
289
321
353
385
417
449
481
513
545
577
609
641
673
705
737
769
801
833
865
897
929
961
993
1024
1039
1009
977
945
913
881
849
817
785
753
721
689
657
625
593
561
529
497
465
433
401
369
337
305
273
241
211
183
157
133
111
91
73
57
43
31
21
13
7
8
11
18
27
38
51
66
83
102
123
146
171
198
227
258
290
322
354
386
418
450
482
514
546
578
610
642
674
706
738
770
802
834
866
898
930
962
994
1025
1054
1068
1040
1010
978
946
914
882
850
818
786
754
722
690
658
626
594
562
530
498
466
434
402
370
338
306
274
242
212
184
158
134
112
92
74
58
44
32
22
14
15
19
28
39
52
67
84
103
124
147
172
199
228
259
291
323
355
387
419
451
483
515
547
579
611
643
675
707
739
771
803
835
867
899
931
963
995
1026
1055
1082
1095
1069
1041
1011
979
947
915
883
851
819
787
755
723
691
659
627
595
563
531
499
467
435
403
371
339
307
275
243
213
185
159
135
113
93
75
59
45
33
23
24
29
40
53
68
85
104
125
148
173
200
229
260
292
324
356
388
420
452
484
516
548
580
612
644
676
708
740
772
804
836
868
900
932
964
996
1027
1056
1083
1108
1120
1096
1070
1042
1012
980
948
916
884
852
820
788
756
724
692
660
628
596
564
532
500
468
436
404
372
340
308
276
244
214
186
160
136
114
94
76
60
46
34
35
41
54
69
86
105
126
149
174
201
230
261
293
325
357
389
421
453
485
517
549
581
613
645
677
709
741
773
805
837
869
901
933
965
997
1028
1057
1084
1109
1132
1143
1121
1097
1071
1043
1013
981
949
917
885
853
821
789
757
725
693
661
629
597
565
533
501
469
437
405
373
341
309
277
245
215
187
161
137
115
95
77
61
47
48
55
70
87
106
127
150
175
202
231
262
294
326
358
390
422
454
486
518
550
582
614
646
678
710
742
774
806
838
870
902
934
966
998
1029
1058
1085
1110
1133
1154
1164
1144
1122
1098
1072
1044
1014
982
950
918
886
854
822
790
758
726
694
662
630
598
566
534
502
470
438
406
374
342
310
278
246
216
188
162
138
116
96
78
62
63
71
88
107
128
151
176
203
232
263
295
327
359
391
423
455
487
519
551
583
615
647
679
711
743
775
807
839
871
903
935
967
999
1030
1059
1086
1111
1134
1155
1174
1183
1165
1145
1123
1099
1073
1045
1015
983
951
919
887
855
823
791
759
727
695
663
631
599
567
535
503
471
439
407
375
343
311
279
247
217
189
163
139
117
97
79
80
89
108
129
152
177
204
233
264
296
328
360
392
424
456
488
520
552
584
616
648
680
712
744
776
808
840
872
904
936
968
1000
1031
1060
1087
1112
1135
1156
1175
1192
1200
1184
1166
1146
1124
1100
1074
1046
1016
984
952
920
888
856
824
792
760
728
696
664
632
600
568
536
504
472
440
408
376
344
312
280
248
218
190
164
140
118
98
99
109
130
153
178
205
234
265
297
329
361
393
425
457
489
521
553
585
617
649
681
713
745
777
809
841
873
905
937
969
1001
1032
1061
1088
1113
1136
1157
1176
1193
1208
1215
1201
1185
1167
1147
1125
1101
1075
1047
1017
985
953
921
889
857
825
793
761
729
697
665
633
601
569
537
505
473
441
409
377
345
313
281
249
219
191
165
141
119
120
131
154
179
206
235
266
298
330
362
394
426
458
490
522
554
586
618
650
682
714
746
778
810
842
874
906
938
970
1002
1033
1062
1089
1114
1137
1158
1177
1194
1209
1222
1228
1216
1202
1186
1168
1148
1126
1102
1076
1048
1018
986
954
922
890
858
826
794
762
730
698
666
634
602
570
538
506
474
442
410
378
346
314
282
250
220
192
166
142
143
155
180
207
236
267
299
331
363
395
427
459
491
523
555
587
619
651
683
715
747
779
811
843
875
907
939
971
1003
1034
1063
1090
1115
1138
1159
1178
1195
1210
1223
1234
1239
1229
1217
1203
1187
1169
1149
1127
1103
1077
1049
1019
987
955
923
891
859
827
795
763
731
699
667
635
603
571
539
507
475
443
411
379
347
315
283
251
221
193
167
168
181
208
237
268
300
332
364
396
428
460
492
524
556
588
620
652
684
716
748
780
812
844
876
908
940
972
1004
1035
1064
1091
1116
1139
1160
1179
1196
1211
1224
1235
1244
1248
1240
1230
1218
1204
1188
1170
1150
1128
1104
1078
1050
1020
988
956
924
892
860
828
796
764
732
700
668
636
604
572
540
508
476
444
412
380
348
316
284
252
222
194
195
209
238
269
301
333
365
397
429
461
493
525
557
589
621
653
685
717
749
781
813
845
877
909
941
973
1005
1036
1065
1092
1117
1140
1161
1180
1197
1212
1225
1236
1245
1252
1255
1249
1241
1231
1219
1205
1189
1171
1151
1129
1105
1079
1051
1021
989
957
925
893
861
829
797
765
733
701
669
637
605
573
541
509
477
445
413
381
349
317
285
253
223
224
239
270
302
334
366
398
430
462
494
526
558
590
622
654
686
718
750
782
814
846
878
910
942
974
1006
1037
1066
1093
1118
1141
1162
1181
1198
1213
1226
1237
1246
1253
1258
1260
1256
1250
1242
1232
1220
1206
1190
1172
1152
1130
1106
1080
1052
1022
990
958
926
894
862
830
798
766
734
702
670
638
606
574
542
510
478
446
414
382
350
318
286
254
255
271
303
335
367
399
431
463
495
527
559
591
623
655
687
719
751
783
815
847
879
911
943
975
1007
1038
1067
1094
1119
1142
1163
1182
1199
1214
1227
1238
1247
1254
1259
1262
1263
1261
1257
1251
1243
1233
1221
1207
1191
1173
1153
1131
1107
1081
1053
1023
991
959
927
895
863
831
799
767
735
703
671
639
607
575
543
511
479
447
415
383
351
319
287
927
959
991
1023
1053
1081
1107
1131
1153
1173
1191
1207
1221
1233
1243
1251
1257
1261
1263
1262
1259
1254
1247
1238
1227
1214
1199
1182
1163
1142
1119
1094
1067
1038
1007
975
943
911
879
847
287
319
351
383
415
447
479
511
543
575
607
639
671
703
735
767
799
831
863
895
815
783
751
719
687
655
623
591
559
527
495
463
431
399
367
335
303
271
255
)


// ************************************************************************* //
