/*--------------------------------*- C++ -*----------------------------------*\
  =========                 |
  \\      /  F ield         | OpenFOAM: The Open Source CFD Toolbox
   \\    /   O peration     | Website:  https://openfoam.org
    \\  /    A nd           | Version:  6
     \\/     M anipulation  |
\*---------------------------------------------------------------------------*/
FoamFile
{
    version     2.0;
    format      ascii;
    class       vectorField;
    location    "constant/polyMesh";
    object      points;
}
// * * * * * * * * * * * * * * * * * * * * * * * * * * * * * * * * * * * * * //


2686
(
(0.000885469 0.00492097 0)
(0.00351638 0.0102681 0)
(0.00831655 0.015596 0)
(0.0151752 0.0207477 0)
(0.0241076 0.0257158 0)
(0.0352441 0.0305232 0)
(0.0487969 0.0351789 0)
(0.0650291 0.0396646 0)
(0.0842298 0.0439347 0)
(0.10669 0.0479186 0)
(0.132676 0.0515225 0)
(0.1624 0.0546353 0)
(0.195988 0.0571379 0)
(0.233443 0.0589145 0)
(0.274615 0.0598681 0)
(0.319178 0.0599349 0)
(0.366621 0.0590961 0)
(0.416258 0.0573849 0)
(0.46726 0.0548851 0)
(0.518702 0.0517223 0)
(0.569633 0.0480497 0)
(0.619137 0.0440314 0)
(0.666401 0.0398278 0)
(0.710763 0.0355839 0)
(0.751736 0.0314221 0)
(0.789022 0.0274391 0)
(0.822497 0.0237056 0)
(0.852187 0.0202684 0)
(0.878237 0.017153 0)
(0.900878 0.0143677 0)
(0.920395 0.0119072 0)
(0.9371 0.00975602 0)
(0.951312 0.00789225 0)
(0.963339 0.00629004 0)
(0.973474 0.00492186 0)
(0.981982 0.0037602 0)
(0.989104 0.00277864 0)
(0.995048 0.00195266 0)
(0 0 0)
(1 0.00126 0)
(0.000885469 -0.00492097 0)
(0.00351638 -0.0102681 0)
(0.00831655 -0.015596 0)
(0.0151752 -0.0207477 0)
(0.0241076 -0.0257158 0)
(0.0352441 -0.0305232 0)
(0.0487969 -0.0351789 0)
(0.0650291 -0.0396646 0)
(0.0842298 -0.0439347 0)
(0.10669 -0.0479186 0)
(0.132676 -0.0515225 0)
(0.1624 -0.0546353 0)
(0.195988 -0.0571379 0)
(0.233443 -0.0589145 0)
(0.274615 -0.0598681 0)
(0.319178 -0.0599349 0)
(0.366621 -0.0590961 0)
(0.416258 -0.0573849 0)
(0.46726 -0.0548851 0)
(0.518702 -0.0517223 0)
(0.569633 -0.0480497 0)
(0.619137 -0.0440314 0)
(0.666401 -0.0398278 0)
(0.710763 -0.0355839 0)
(0.751736 -0.0314221 0)
(0.789022 -0.0274391 0)
(0.822497 -0.0237056 0)
(0.852187 -0.0202684 0)
(0.878237 -0.017153 0)
(0.900878 -0.0143677 0)
(0.920395 -0.0119072 0)
(0.9371 -0.00975602 0)
(0.951312 -0.00789225 0)
(0.963339 -0.00629004 0)
(0.973474 -0.00492186 0)
(0.981982 -0.0037602 0)
(0.989104 -0.00277864 0)
(0.995048 -0.00195266 0)
(1 -0.00126 0)
(1.003 0.0144632 0)
(0.994792 0.0199216 0)
(0.985847 0.023362 0)
(0.976192 0.0256302 0)
(0.965495 0.0273007 0)
(0.953263 0.0287916 0)
(0.939005 0.0303972 0)
(0.922294 0.03228 0)
(0.902768 0.0345093 0)
(0.880106 0.0371063 0)
(0.854026 0.0400706 0)
(0.824297 0.0433871 0)
(0.790778 0.0470244 0)
(0.75344 0.0509314 0)
(0.712407 0.0550339 0)
(0.667976 0.0592326 0)
(0.620628 0.0634032 0)
(0.571019 0.0673992 0)
(0.519959 0.0710592 0)
(0.468355 0.0742183 0)
(0.417153 0.0767225 0)
(0.367273 0.0784454 0)
(0.31954 0.079302 0)
(0.274636 0.0792576 0)
(0.233069 0.0783284 0)
(0.195163 0.0765751 0)
(0.161062 0.0740897 0)
(0.130754 0.0709798 0)
(0.104101 0.0673513 0)
(0.0808678 0.0632906 0)
(0.0607538 0.0588471 0)
(0.0434206 0.0540117 0)
(0.0285245 0.0486978 0)
(0.0157677 0.0427347 0)
(0.00497302 0.0358977 0)
(-0.00381793 0.0279935 0)
(-0.0103766 0.0190229 0)
(-0.0141523 0.00945335 0)
(-0.0153373 -2.1684e-19 0)
(-0.0141523 -0.00945335 0)
(-0.0103766 -0.0190229 0)
(-0.00381793 -0.0279935 0)
(0.00497302 -0.0358977 0)
(0.0157677 -0.0427347 0)
(0.0285245 -0.0486978 0)
(0.0434206 -0.0540117 0)
(0.0607538 -0.0588471 0)
(0.0808678 -0.0632906 0)
(0.104101 -0.0673513 0)
(0.130754 -0.0709798 0)
(0.161062 -0.0740897 0)
(0.195163 -0.0765751 0)
(0.233069 -0.0783284 0)
(0.274636 -0.0792576 0)
(0.31954 -0.079302 0)
(0.367273 -0.0784454 0)
(0.417153 -0.0767225 0)
(0.468355 -0.0742183 0)
(0.519959 -0.0710592 0)
(0.571019 -0.0673992 0)
(0.620628 -0.0634032 0)
(0.667976 -0.0592326 0)
(0.712407 -0.0550339 0)
(0.75344 -0.0509314 0)
(0.790778 -0.0470244 0)
(0.824297 -0.0433871 0)
(0.854026 -0.0400706 0)
(0.880106 -0.0371063 0)
(0.902768 -0.0345093 0)
(0.922294 -0.03228 0)
(0.939005 -0.0303972 0)
(0.953263 -0.0287916 0)
(0.965495 -0.0273007 0)
(0.976192 -0.0256302 0)
(0.985847 -0.023362 0)
(0.994792 -0.0199216 0)
(1.003 -0.0144632 0)
(1.01053 -0.00549785 0)
(1.01348 0.0221911 0)
(1.00462 0.0327696 0)
(0.993877 0.0404573 0)
(0.982168 0.0459919 0)
(0.969563 0.0498932 0)
(0.95593 0.0526229 0)
(0.940894 0.0546319 0)
(0.923902 0.0563646 0)
(0.904356 0.058194 0)
(0.881752 0.060353 0)
(0.855723 0.062934 0)
(0.82602 0.0659405 0)
(0.792503 0.0693327 0)
(0.75515 0.0730469 0)
(0.714088 0.0769982 0)
(0.669612 0.0810794 0)
(0.622201 0.0851606 0)
(0.572508 0.0890911 0)
(0.521334 0.0927066 0)
(0.46958 0.0958403 0)
(0.418187 0.0983369 0)
(0.368067 0.100069 0)
(0.32004 0.10095 0)
(0.274786 0.100943 0)
(0.232807 0.10006 0)
(0.194421 0.0983577 0)
(0.159764 0.0959147 0)
(0.128806 0.0928165 0)
(0.101378 0.0891254 0)
(0.0771978 0.0848496 0)
(0.0559091 0.0799149 0)
(0.0371369 0.0741536 0)
(0.02057 0.0673268 0)
(0.00604651 0.0591803 0)
(-0.00639784 0.0495271 0)
(-0.0164887 0.0383416 0)
(-0.0239048 0.0258824 0)
(-0.0281445 0.0128378 0)
(-0.0294309 -2.30393e-18 0)
(-0.0281445 -0.0128378 0)
(-0.0239048 -0.0258824 0)
(-0.0164887 -0.0383416 0)
(-0.00639784 -0.0495271 0)
(0.00604651 -0.0591803 0)
(0.02057 -0.0673268 0)
(0.0371369 -0.0741536 0)
(0.0559091 -0.0799149 0)
(0.0771978 -0.0848496 0)
(0.101378 -0.0891254 0)
(0.128806 -0.0928165 0)
(0.159764 -0.0959147 0)
(0.194421 -0.0983577 0)
(0.232807 -0.10006 0)
(0.274786 -0.100943 0)
(0.32004 -0.10095 0)
(0.368067 -0.100069 0)
(0.418187 -0.0983369 0)
(0.46958 -0.0958403 0)
(0.521334 -0.0927066 0)
(0.572508 -0.0890911 0)
(0.622201 -0.0851606 0)
(0.669612 -0.0810794 0)
(0.714088 -0.0769982 0)
(0.75515 -0.0730469 0)
(0.792503 -0.0693327 0)
(0.82602 -0.0659405 0)
(0.855723 -0.062934 0)
(0.881752 -0.060353 0)
(0.904356 -0.058194 0)
(0.923902 -0.0563646 0)
(0.940894 -0.0546319 0)
(0.95593 -0.0526229 0)
(0.969563 -0.0498932 0)
(0.982168 -0.0459919 0)
(0.993877 -0.0404573 0)
(1.00462 -0.0327696 0)
(1.01348 -0.0221911 0)
(1.01984 -0.0079608 0)
(1.02548 0.0277247 0)
(1.01659 0.0429181 0)
(1.0049 0.0550305 0)
(0.991558 0.064499 0)
(0.976914 0.0717236 0)
(0.961162 0.0770704 0)
(0.944264 0.0808861 0)
(0.92596 0.0835637 0)
(0.905753 0.0855673 0)
(0.882991 0.087384 0)
(0.85705 0.0894097 0)
(0.827486 0.091861 0)
(0.794078 0.0947858 0)
(0.756791 0.0981309 0)
(0.715757 0.101796 0)
(0.67128 0.105657 0)
(0.62384 0.109571 0)
(0.574089 0.113377 0)
(0.522822 0.116906 0)
(0.470934 0.119986 0)
(0.41936 0.122459 0)
(0.369005 0.124196 0)
(0.320685 0.125109 0)
(0.275071 0.125157 0)
(0.232661 0.124347 0)
(0.193758 0.122716 0)
(0.158473 0.120316 0)
(0.126734 0.117168 0)
(0.098306 0.113233 0)
(0.0728461 0.108375 0)
(0.0499802 0.102373 0)
(0.0294067 0.0949593 0)
(0.010977 0.0858823 0)
(-0.00526594 0.074972 0)
(-0.0191099 0.0622008 0)
(-0.0301842 0.0477453 0)
(-0.0381674 0.0320529 0)
(-0.0427129 0.0158929 0)
(-0.0440894 -1.91091e-18 0)
(-0.0427129 -0.0158929 0)
(-0.0381674 -0.0320529 0)
(-0.0301842 -0.0477453 0)
(-0.0191099 -0.0622008 0)
(-0.00526594 -0.074972 0)
(0.010977 -0.0858823 0)
(0.0294067 -0.0949593 0)
(0.0499802 -0.102373 0)
(0.0728461 -0.108375 0)
(0.098306 -0.113233 0)
(0.126734 -0.117168 0)
(0.158473 -0.120316 0)
(0.193758 -0.122716 0)
(0.232661 -0.124347 0)
(0.275071 -0.125157 0)
(0.320685 -0.125109 0)
(0.369005 -0.124196 0)
(0.41936 -0.122459 0)
(0.470934 -0.119986 0)
(0.522822 -0.116906 0)
(0.574089 -0.113377 0)
(0.62384 -0.109571 0)
(0.67128 -0.105657 0)
(0.715757 -0.101796 0)
(0.756791 -0.0981309 0)
(0.794078 -0.0947858 0)
(0.827486 -0.091861 0)
(0.85705 -0.0894097 0)
(0.882991 -0.087384 0)
(0.905753 -0.0855673 0)
(0.92596 -0.0835637 0)
(0.944264 -0.0808861 0)
(0.961162 -0.0770704 0)
(0.976914 -0.0717236 0)
(0.991558 -0.064499 0)
(1.0049 -0.0550305 0)
(1.01659 -0.0429181 0)
(1.02548 -0.0277247 0)
(1.03021 -0.00955157 0)
(1.03895 0.0321602 0)
(1.0303 0.0515475 0)
(1.01817 0.0679651 0)
(1.00365 0.0815201 0)
(0.987287 0.0924769 0)
(0.969453 0.101116 0)
(0.95032 0.107692 0)
(0.929899 0.11247 0)
(0.908014 0.115785 0)
(0.884246 0.118083 0)
(0.857958 0.119901 0)
(0.828468 0.121756 0)
(0.795279 0.123991 0)
(0.758197 0.126722 0)
(0.717307 0.129897 0)
(0.672912 0.133384 0)
(0.625503 0.137016 0)
(0.575738 0.140615 0)
(0.524411 0.143997 0)
(0.472415 0.146985 0)
(0.420678 0.149413 0)
(0.3701 0.15115 0)
(0.321488 0.152104 0)
(0.275506 0.152225 0)
(0.232634 0.151501 0)
(0.193141 0.149932 0)
(0.15708 0.147492 0)
(0.124298 0.144085 0)
(0.0944982 0.13952 0)
(0.0673331 0.133533 0)
(0.0425239 0.125834 0)
(0.0199394 0.116175 0)
(-0.000379205 0.104394 0)
(-0.0182328 0.0904589 0)
(-0.0333147 0.074496 0)
(-0.0452437 0.0568344 0)
(-0.0537282 0.0380336 0)
(-0.0585514 0.018875 0)
(-0.0600237 -1.11131e-18 0)
(-0.0585514 -0.018875 0)
(-0.0537282 -0.0380336 0)
(-0.0452437 -0.0568344 0)
(-0.0333147 -0.074496 0)
(-0.0182328 -0.0904589 0)
(-0.000379205 -0.104394 0)
(0.0199394 -0.116175 0)
(0.0425239 -0.125834 0)
(0.0673331 -0.133533 0)
(0.0944982 -0.13952 0)
(0.124298 -0.144085 0)
(0.15708 -0.147492 0)
(0.193141 -0.149932 0)
(0.232634 -0.151501 0)
(0.275506 -0.152225 0)
(0.321488 -0.152104 0)
(0.3701 -0.15115 0)
(0.420678 -0.149413 0)
(0.472415 -0.146985 0)
(0.524411 -0.143997 0)
(0.575738 -0.140615 0)
(0.625503 -0.137016 0)
(0.672912 -0.133384 0)
(0.717307 -0.129897 0)
(0.758197 -0.126722 0)
(0.795279 -0.123991 0)
(0.828468 -0.121756 0)
(0.857958 -0.119901 0)
(0.884246 -0.118083 0)
(0.908014 -0.115785 0)
(0.929899 -0.11247 0)
(0.95032 -0.107692 0)
(0.969453 -0.101116 0)
(0.987287 -0.0924769 0)
(1.00365 -0.0815201 0)
(1.01817 -0.0679651 0)
(1.0303 -0.0515475 0)
(1.03895 -0.0321602 0)
(1.04243 -0.0107591 0)
(1.05418 0.0361267 0)
(1.04584 0.059327 0)
(1.03353 0.0798826 0)
(1.01814 0.097555 0)
(1.00036 0.112424 0)
(0.980656 0.124677 0)
(0.959337 0.13451 0)
(0.936566 0.142113 0)
(0.912385 0.147698 0)
(0.886676 0.151554 0)
(0.859096 0.154105 0)
(0.829066 0.155909 0)
(0.795908 0.157557 0)
(0.759112 0.159501 0)
(0.718528 0.161932 0)
(0.674365 0.164815 0)
(0.6271 0.16799 0)
(0.5774 0.171256 0)
(0.526072 0.174406 0)
(0.474011 0.177244 0)
(0.422142 0.179597 0)
(0.371362 0.181323 0)
(0.322466 0.182319 0)
(0.276096 0.182514 0)
(0.232689 0.181848 0)
(0.192442 0.180235 0)
(0.155317 0.177518 0)
(0.121094 0.173452 0)
(0.0894803 0.167729 0)
(0.0602366 0.160037 0)
(0.033256 0.150118 0)
(0.00858744 0.137811 0)
(-0.0135829 0.12307 0)
(-0.0329636 0.105986 0)
(-0.0492089 0.0868066 0)
(-0.0619611 0.0659628 0)
(-0.0709646 0.044072 0)
(-0.0760862 0.0218982 0)
(-0.0776645 -6.23416e-19 0)
(-0.0760862 -0.0218982 0)
(-0.0709646 -0.044072 0)
(-0.0619611 -0.0659628 0)
(-0.0492089 -0.0868066 0)
(-0.0329636 -0.105986 0)
(-0.0135829 -0.12307 0)
(0.00858744 -0.137811 0)
(0.033256 -0.150118 0)
(0.0602366 -0.160037 0)
(0.0894803 -0.167729 0)
(0.121094 -0.173452 0)
(0.155317 -0.177518 0)
(0.192442 -0.180235 0)
(0.232689 -0.181848 0)
(0.276096 -0.182514 0)
(0.322466 -0.182319 0)
(0.371362 -0.181323 0)
(0.422142 -0.179597 0)
(0.474011 -0.177244 0)
(0.526072 -0.174406 0)
(0.5774 -0.171256 0)
(0.6271 -0.16799 0)
(0.674365 -0.164815 0)
(0.718528 -0.161932 0)
(0.759112 -0.159501 0)
(0.795908 -0.157557 0)
(0.829066 -0.155909 0)
(0.859096 -0.154105 0)
(0.886676 -0.151554 0)
(0.912385 -0.147698 0)
(0.936566 -0.142113 0)
(0.959337 -0.13451 0)
(0.980656 -0.124677 0)
(1.00036 -0.112424 0)
(1.01814 -0.097555 0)
(1.03353 -0.0798826 0)
(1.04584 -0.059327 0)
(1.05418 -0.0361267 0)
(1.05699 -0.0118644 0)
(1.07159 0.0400466 0)
(1.06346 0.0667427 0)
(1.05104 0.0912601 0)
(1.03499 0.113037 0)
(1.016 0.131927 0)
(0.994633 0.147995 0)
(0.971269 0.161376 0)
(0.946176 0.172216 0)
(0.919518 0.180662 0)
(0.891363 0.186892 0)
(0.861645 0.19117 0)
(0.830097 0.193902 0)
(0.79622 0.19565 0)
(0.759394 0.197052 0)
(0.719147 0.198637 0)
(0.67539 0.200668 0)
(0.62845 0.203139 0)
(0.578962 0.205878 0)
(0.527739 0.20866 0)
(0.475689 0.211262 0)
(0.423744 0.213488 0)
(0.372793 0.215175 0)
(0.323609 0.216188 0)
(0.276783 0.216401 0)
(0.232669 0.215658 0)
(0.191364 0.213735 0)
(0.152757 0.210329 0)
(0.116639 0.205086 0)
(0.0828304 0.197663 0)
(0.0512613 0.187781 0)
(0.0219993 0.175263 0)
(-0.00476678 0.160047 0)
(-0.0287568 0.142188 0)
(-0.0496304 0.121873 0)
(-0.0670313 0.0994381 0)
(-0.080632 0.0753782 0)
(-0.0902077 0.0503341 0)
(-0.0956716 0.0250417 0)
(-0.0973715 1.92446e-18 0)
(-0.0956716 -0.0250417 0)
(-0.0902077 -0.0503341 0)
(-0.080632 -0.0753782 0)
(-0.0670313 -0.0994381 0)
(-0.0496304 -0.121873 0)
(-0.0287568 -0.142188 0)
(-0.00476678 -0.160047 0)
(0.0219993 -0.175263 0)
(0.0512613 -0.187781 0)
(0.0828304 -0.197663 0)
(0.116639 -0.205086 0)
(0.152757 -0.210329 0)
(0.191364 -0.213735 0)
(0.232669 -0.215658 0)
(0.276783 -0.216401 0)
(0.323609 -0.216188 0)
(0.372793 -0.215175 0)
(0.423744 -0.213488 0)
(0.475689 -0.211262 0)
(0.527739 -0.20866 0)
(0.578962 -0.205878 0)
(0.62845 -0.203139 0)
(0.67539 -0.200668 0)
(0.719147 -0.198637 0)
(0.759394 -0.197052 0)
(0.79622 -0.19565 0)
(0.830097 -0.193902 0)
(0.861645 -0.19117 0)
(0.891363 -0.186892 0)
(0.919518 -0.180662 0)
(0.946176 -0.172216 0)
(0.971269 -0.161376 0)
(0.994633 -0.147995 0)
(1.016 -0.131927 0)
(1.03499 -0.113037 0)
(1.05104 -0.0912601 0)
(1.06346 -0.0667427 0)
(1.07159 -0.0400466 0)
(1.07423 -0.0130453 0)
(1.09177 0.0441938 0)
(1.08364 0.074224 0)
(1.07105 0.102562 0)
(1.05442 0.128415 0)
(1.03435 0.151403 0)
(1.01146 0.171443 0)
(0.986173 0.188588 0)
(0.958842 0.202942 0)
(0.929707 0.214617 0)
(0.898942 0.223733 0)
(0.866647 0.230448 0)
(0.832811 0.235012 0)
(0.797247 0.237822 0)
(0.759552 0.239446 0)
(0.7192 0.240548 0)
(0.675798 0.241711 0)
(0.629337 0.243259 0)
(0.580252 0.245222 0)
(0.529293 0.247434 0)
(0.477367 0.249659 0)
(0.425412 0.251664 0)
(0.374303 0.253236 0)
(0.324765 0.254169 0)
(0.277302 0.254227 0)
(0.232162 0.253114 0)
(0.189369 0.250461 0)
(0.148822 0.24586 0)
(0.110421 0.238925 0)
(0.0741513 0.229341 0)
(0.0401143 0.216902 0)
(0.00851514 0.201515 0)
(-0.020361 0.1832 0)
(-0.0461747 0.162092 0)
(-0.0685598 0.138451 0)
(-0.0871608 0.112673 0)
(-0.101674 0.0852894 0)
(-0.111894 0.056947 0)
(-0.117751 0.0283601 0)
(-0.119588 4.58075e-18 0)
(-0.117751 -0.0283601 0)
(-0.111894 -0.056947 0)
(-0.101674 -0.0852894 0)
(-0.0871608 -0.112673 0)
(-0.0685598 -0.138451 0)
(-0.0461747 -0.162092 0)
(-0.020361 -0.1832 0)
(0.00851514 -0.201515 0)
(0.0401143 -0.216902 0)
(0.0741513 -0.229341 0)
(0.110421 -0.238925 0)
(0.148822 -0.24586 0)
(0.189369 -0.250461 0)
(0.232162 -0.253114 0)
(0.277302 -0.254227 0)
(0.324765 -0.254169 0)
(0.374303 -0.253236 0)
(0.425412 -0.251664 0)
(0.477367 -0.249659 0)
(0.529293 -0.247434 0)
(0.580252 -0.245222 0)
(0.629337 -0.243259 0)
(0.675798 -0.241711 0)
(0.7192 -0.240548 0)
(0.759552 -0.239446 0)
(0.797247 -0.237822 0)
(0.832811 -0.235012 0)
(0.866647 -0.230448 0)
(0.898942 -0.223733 0)
(0.929707 -0.214617 0)
(0.958842 -0.202942 0)
(0.986173 -0.188588 0)
(1.01146 -0.171443 0)
(1.03435 -0.151403 0)
(1.05442 -0.128415 0)
(1.07105 -0.102562 0)
(1.08364 -0.074224 0)
(1.09177 -0.0441938 0)
(1.09453 -0.0143712 0)
(1.11514 0.0487347 0)
(1.1068 0.0820718 0)
(1.09391 0.114146 0)
(1.07667 0.144045 0)
(1.0556 0.171194 0)
(1.03125 0.195343 0)
(1.00413 0.216444 0)
(0.974625 0.234543 0)
(0.943046 0.249722 0)
(0.909635 0.262072 0)
(0.874588 0.271699 0)
(0.838047 0.278752 0)
(0.800064 0.283478 0)
(0.760544 0.286276 0)
(0.719197 0.287715 0)
(0.675619 0.288473 0)
(0.629522 0.28917 0)
(0.580979 0.290181 0)
(0.530495 0.291575 0)
(0.478871 0.293199 0)
(0.427003 0.294796 0)
(0.375723 0.296065 0)
(0.325678 0.296675 0)
(0.277274 0.296237 0)
(0.230688 0.294305 0)
(0.185951 0.290406 0)
(0.143069 0.284095 0)
(0.102101 0.275008 0)
(0.0631999 0.262892 0)
(0.0266043 0.24761 0)
(-0.0073801 0.22914 0)
(-0.0384017 0.207565 0)
(-0.0660823 0.183078 0)
(-0.0900402 0.155991 0)
(-0.109922 0.126738 0)
(-0.125438 0.0958703 0)
(-0.136389 0.0640312 0)
(-0.142703 0.0319202 0)
(-0.1447 5.32614e-18 0)
(-0.142703 -0.0319202 0)
(-0.136389 -0.0640312 0)
(-0.125438 -0.0958703 0)
(-0.109922 -0.126738 0)
(-0.0900402 -0.155991 0)
(-0.0660823 -0.183078 0)
(-0.0384017 -0.207565 0)
(-0.0073801 -0.22914 0)
(0.0266043 -0.24761 0)
(0.0631999 -0.262892 0)
(0.102101 -0.275008 0)
(0.143069 -0.284095 0)
(0.185951 -0.290406 0)
(0.230688 -0.294305 0)
(0.277274 -0.296237 0)
(0.325678 -0.296675 0)
(0.375723 -0.296065 0)
(0.427003 -0.294796 0)
(0.478871 -0.293199 0)
(0.530495 -0.291575 0)
(0.580979 -0.290181 0)
(0.629522 -0.28917 0)
(0.675619 -0.288473 0)
(0.719197 -0.287715 0)
(0.760544 -0.286276 0)
(0.800064 -0.283478 0)
(0.838047 -0.278752 0)
(0.874588 -0.271699 0)
(0.909635 -0.262072 0)
(0.943046 -0.249722 0)
(0.974625 -0.234543 0)
(1.00413 -0.216444 0)
(1.03125 -0.195343 0)
(1.0556 -0.171194 0)
(1.07667 -0.144045 0)
(1.09391 -0.114146 0)
(1.1068 -0.0820718 0)
(1.11514 -0.0487347 0)
(1.11819 -0.0158812 0)
(1.14217 0.0537834 0)
(1.13342 0.0905348 0)
(1.12006 0.126333 0)
(1.10212 0.160268 0)
(1.08002 0.191627 0)
(1.05425 0.220005 0)
(1.02533 0.245233 0)
(0.993683 0.267286 0)
(0.959681 0.286206 0)
(0.923619 0.302063 0)
(0.885756 0.314938 0)
(0.846323 0.324932 0)
(0.805518 0.332201 0)
(0.763468 0.336999 0)
(0.720178 0.339732 0)
(0.675486 0.340969 0)
(0.629127 0.341388 0)
(0.580924 0.341618 0)
(0.531 0.34206 0)
(0.479843 0.3428 0)
(0.428153 0.343645 0)
(0.376636 0.344224 0)
(0.325842 0.344055 0)
(0.276118 0.342595 0)
(0.227656 0.339282 0)
(0.180594 0.333595 0)
(0.135091 0.325098 0)
(0.091373 0.313473 0)
(0.04973 0.298523 0)
(0.0105053 0.280167 0)
(-0.0259226 0.258431 0)
(-0.0591533 0.233441 0)
(-0.0887798 0.205431 0)
(-0.114407 0.174746 0)
(-0.135679 0.141844 0)
(-0.152307 0.107282 0)
(-0.164085 0.0716971 0)
(-0.170925 0.0357801 0)
(-0.173107 5.35325e-18 0)
(-0.170925 -0.0357801 0)
(-0.164085 -0.0716971 0)
(-0.152307 -0.107282 0)
(-0.135679 -0.141844 0)
(-0.114407 -0.174746 0)
(-0.0887798 -0.205431 0)
(-0.0591533 -0.233441 0)
(-0.0259226 -0.258431 0)
(0.0105053 -0.280167 0)
(0.04973 -0.298523 0)
(0.091373 -0.313473 0)
(0.135091 -0.325098 0)
(0.180594 -0.333595 0)
(0.227656 -0.339282 0)
(0.276118 -0.342595 0)
(0.325842 -0.344055 0)
(0.376636 -0.344224 0)
(0.428153 -0.343645 0)
(0.479843 -0.3428 0)
(0.531 -0.34206 0)
(0.580924 -0.341618 0)
(0.629127 -0.341388 0)
(0.675486 -0.340969 0)
(0.720178 -0.339732 0)
(0.763468 -0.336999 0)
(0.805518 -0.332201 0)
(0.846323 -0.324932 0)
(0.885756 -0.314938 0)
(0.923619 -0.302063 0)
(0.959681 -0.286206 0)
(0.993683 -0.267286 0)
(1.02533 -0.245233 0)
(1.05425 -0.220005 0)
(1.08002 -0.191627 0)
(1.10212 -0.160268 0)
(1.12006 -0.126333 0)
(1.13342 -0.0905348 0)
(1.14217 -0.0537834 0)
(1.1456 -0.017593 0)
(1.17332 0.0594227 0)
(1.16403 0.099825 0)
(1.14999 0.139441 0)
(1.13121 0.177443 0)
(1.108 0.213064 0)
(1.08077 0.245777 0)
(1.05004 0.275291 0)
(1.01625 0.301492 0)
(0.979817 0.324371 0)
(0.941089 0.343972 0)
(0.900376 0.360363 0)
(0.85797 0.373627 0)
(0.814152 0.383876 0)
(0.769184 0.391282 0)
(0.723277 0.396117 0)
(0.676536 0.398791 0)
(0.628925 0.39986 0)
(0.580302 0.39996 0)
(0.530551 0.399672 0)
(0.479741 0.399343 0)
(0.428173 0.398976 0)
(0.376274 0.398251 0)
(0.324462 0.396626 0)
(0.273083 0.393468 0)
(0.222431 0.388157 0)
(0.172797 0.380158 0)
(0.124509 0.369057 0)
(0.0779323 0.354569 0)
(0.0334699 0.336534 0)
(-0.00845496 0.314902 0)
(-0.047406 0.289725 0)
(-0.0829423 0.261157 0)
(-0.11463 0.229457 0)
(-0.142056 0.194986 0)
(-0.164854 0.158212 0)
(-0.18272 0.119693 0)
(-0.195431 0.0800591 0)
(-0.20287 0.0399983 0)
(-0.205263 5.2245e-18 0)
(-0.20287 -0.0399983 0)
(-0.195431 -0.0800591 0)
(-0.18272 -0.119693 0)
(-0.164854 -0.158212 0)
(-0.142056 -0.194986 0)
(-0.11463 -0.229457 0)
(-0.0829423 -0.261157 0)
(-0.047406 -0.289725 0)
(-0.00845496 -0.314902 0)
(0.0334699 -0.336534 0)
(0.0779323 -0.354569 0)
(0.124509 -0.369057 0)
(0.172797 -0.380158 0)
(0.222431 -0.388157 0)
(0.273083 -0.393468 0)
(0.324462 -0.396626 0)
(0.376274 -0.398251 0)
(0.428173 -0.398976 0)
(0.479741 -0.399343 0)
(0.530551 -0.399672 0)
(0.580302 -0.39996 0)
(0.628925 -0.39986 0)
(0.676536 -0.398791 0)
(0.723277 -0.396117 0)
(0.769184 -0.391282 0)
(0.814152 -0.383876 0)
(0.85797 -0.373627 0)
(0.900376 -0.360363 0)
(0.941089 -0.343972 0)
(0.979817 -0.324371 0)
(1.01625 -0.301492 0)
(1.05004 -0.275291 0)
(1.08077 -0.245777 0)
(1.108 -0.213064 0)
(1.13121 -0.177443 0)
(1.14999 -0.139441 0)
(1.16403 -0.099825 0)
(1.17332 -0.0594227 0)
(1.17717 -0.0195173 0)
(1.20911 0.0657132 0)
(1.19917 0.110114 0)
(1.18428 0.153756 0)
(1.16448 0.195929 0)
(1.14 0.235888 0)
(1.11123 0.273035 0)
(1.07862 0.306975 0)
(1.04264 0.337501 0)
(1.00374 0.364541 0)
(0.962308 0.388105 0)
(0.918709 0.408247 0)
(0.873283 0.425043 0)
(0.826366 0.438593 0)
(0.778294 0.44903 0)
(0.729393 0.456549 0)
(0.679938 0.461429 0)
(0.630104 0.464054 0)
(0.579925 0.464899 0)
(0.529299 0.464472 0)
(0.478066 0.463194 0)
(0.426128 0.461261 0)
(0.37353 0.458558 0)
(0.320471 0.454687 0)
(0.267266 0.44908 0)
(0.214304 0.441139 0)
(0.162025 0.430332 0)
(0.110902 0.416251 0)
(0.0614248 0.398616 0)
(0.0140886 0.377271 0)
(-0.0306123 0.352172 0)
(-0.0721878 0.32338 0)
(-0.110156 0.291057 0)
(-0.14405 0.255468 0)
(-0.173433 0.216982 0)
(-0.197913 0.176064 0)
(-0.21716 0.13327 0)
(-0.230917 0.0892275 0)
(-0.239027 0.0446294 0)
(-0.241657 5.14318e-18 0)
(-0.239027 -0.0446294 0)
(-0.230917 -0.0892275 0)
(-0.21716 -0.13327 0)
(-0.197913 -0.176064 0)
(-0.173433 -0.216982 0)
(-0.14405 -0.255468 0)
(-0.110156 -0.291057 0)
(-0.0721878 -0.32338 0)
(-0.0306123 -0.352172 0)
(0.0140886 -0.377271 0)
(0.0614248 -0.398616 0)
(0.110902 -0.416251 0)
(0.162025 -0.430332 0)
(0.214304 -0.441139 0)
(0.267266 -0.44908 0)
(0.320471 -0.454687 0)
(0.37353 -0.458558 0)
(0.426128 -0.461261 0)
(0.478066 -0.463194 0)
(0.529299 -0.464472 0)
(0.579925 -0.464899 0)
(0.630104 -0.464054 0)
(0.679938 -0.461429 0)
(0.729393 -0.456549 0)
(0.778294 -0.44903 0)
(0.826366 -0.438593 0)
(0.873283 -0.425043 0)
(0.918709 -0.408247 0)
(0.962308 -0.388105 0)
(1.00374 -0.364541 0)
(1.04264 -0.337501 0)
(1.07862 -0.306975 0)
(1.11123 -0.273035 0)
(1.14 -0.235888 0)
(1.16448 -0.195929 0)
(1.18428 -0.153756 0)
(1.19917 -0.110114 0)
(1.20911 -0.0657132 0)
(1.21342 -0.0216625 0)
(1.25015 0.0727176 0)
(1.23946 0.121552 0)
(1.22355 0.169549 0)
(1.20252 0.216098 0)
(1.1766 0.260525 0)
(1.14612 0.30222 0)
(1.11151 0.34072 0)
(1.07325 0.375735 0)
(1.0318 0.407122 0)
(0.987602 0.434851 0)
(0.94106 0.458955 0)
(0.892562 0.479509 0)
(0.842485 0.496609 0)
(0.791202 0.510375 0)
(0.739084 0.520951 0)
(0.686471 0.528516 0)
(0.63364 0.533294 0)
(0.580756 0.535556 0)
(0.527844 0.535608 0)
(0.474781 0.53376 0)
(0.421355 0.530258 0)
(0.367368 0.525199 0)
(0.312762 0.51847 0)
(0.257685 0.509749 0)
(0.202486 0.498585 0)
(0.147659 0.484501 0)
(0.093772 0.467085 0)
(0.0414162 0.446034 0)
(-0.00882438 0.421164 0)
(-0.056381 0.392409 0)
(-0.100703 0.359813 0)
(-0.141257 0.323529 0)
(-0.177536 0.283815 0)
(-0.209061 0.241033 0)
(-0.235402 0.195643 0)
(-0.256185 0.148196 0)
(-0.271109 0.0993231 0)
(-0.279967 0.0497332 0)
(-0.28286 3.1984e-18 0)
(-0.279967 -0.0497332 0)
(-0.271109 -0.0993231 0)
(-0.256185 -0.148196 0)
(-0.235402 -0.195643 0)
(-0.209061 -0.241033 0)
(-0.177536 -0.283815 0)
(-0.141257 -0.323529 0)
(-0.100703 -0.359813 0)
(-0.056381 -0.392409 0)
(-0.00882438 -0.421164 0)
(0.0414162 -0.446034 0)
(0.093772 -0.467085 0)
(0.147659 -0.484501 0)
(0.202486 -0.498585 0)
(0.257685 -0.509749 0)
(0.312762 -0.51847 0)
(0.367368 -0.525199 0)
(0.421355 -0.530258 0)
(0.474781 -0.53376 0)
(0.527844 -0.535608 0)
(0.580756 -0.535556 0)
(0.63364 -0.533294 0)
(0.686471 -0.528516 0)
(0.739084 -0.520951 0)
(0.791202 -0.510375 0)
(0.842485 -0.496609 0)
(0.892562 -0.479509 0)
(0.94106 -0.458955 0)
(0.987602 -0.434851 0)
(1.0318 -0.407122 0)
(1.07325 -0.375735 0)
(1.11151 -0.34072 0)
(1.14612 -0.30222 0)
(1.1766 -0.260525 0)
(1.20252 -0.216098 0)
(1.22355 -0.169549 0)
(1.23946 -0.121552 0)
(1.25015 -0.0727176 0)
(1.25493 -0.0240453 0)
(1.29713 0.0805122 0)
(1.2856 0.134289 0)
(1.26852 0.187076 0)
(1.24605 0.238324 0)
(1.21844 0.287436 0)
(1.18605 0.333838 0)
(1.14927 0.377041 0)
(1.10857 0.416698 0)
(1.06445 0.452604 0)
(1.01737 0.484681 0)
(0.96779 0.512938 0)
(0.916131 0.537441 0)
(0.862794 0.558282 0)
(0.808159 0.575565 0)
(0.752587 0.589387 0)
(0.696407 0.599839 0)
(0.639908 0.607003 0)
(0.583316 0.610969 0)
(0.52678 0.611848 0)
(0.470345 0.609798 0)
(0.413948 0.605011 0)
(0.357433 0.59768 0)
(0.300634 0.587932 0)
(0.243491 0.575745 0)
(0.186143 0.560931 0)
(0.128959 0.543165 0)
(0.0724807 0.522078 0)
(0.0173422 0.497342 0)
(-0.0357945 0.468723 0)
(-0.086278 0.436106 0)
(-0.13348 0.399493 0)
(-0.176799 0.359007 0)
(-0.215665 0.314884 0)
(-0.249543 0.26747 0)
(-0.277944 0.217215 0)
(-0.300435 0.16467 0)
(-0.316657 0.110479 0)
(-0.326346 0.0553759 0)
(-0.329531 3.00188e-18 0)
(-0.326346 -0.0553759 0)
(-0.316657 -0.110479 0)
(-0.300435 -0.16467 0)
(-0.277944 -0.217215 0)
(-0.249543 -0.26747 0)
(-0.215665 -0.314884 0)
(-0.176799 -0.359007 0)
(-0.13348 -0.399493 0)
(-0.086278 -0.436106 0)
(-0.0357945 -0.468723 0)
(0.0173422 -0.497342 0)
(0.0724807 -0.522078 0)
(0.128959 -0.543165 0)
(0.186143 -0.560931 0)
(0.243491 -0.575745 0)
(0.300634 -0.587932 0)
(0.357433 -0.59768 0)
(0.413948 -0.605011 0)
(0.470345 -0.609798 0)
(0.52678 -0.611848 0)
(0.583316 -0.610969 0)
(0.639908 -0.607003 0)
(0.696407 -0.599839 0)
(0.752587 -0.589387 0)
(0.808159 -0.575565 0)
(0.862794 -0.558282 0)
(0.916131 -0.537441 0)
(0.96779 -0.512938 0)
(1.01737 -0.484681 0)
(1.06445 -0.452604 0)
(1.10857 -0.416698 0)
(1.14927 -0.377041 0)
(1.18605 -0.333838 0)
(1.21844 -0.287436 0)
(1.24605 -0.238324 0)
(1.26852 -0.187076 0)
(1.2856 -0.134289 0)
(1.29713 -0.0805122 0)
(1.30242 -0.0266913 0)
(1.3508 0.0891841 0)
(1.33835 0.148474 0)
(1.31994 0.206579 0)
(1.29581 0.262963 0)
(1.26628 0.317085 0)
(1.2317 0.368422 0)
(1.19251 0.416505 0)
(1.14917 0.460961 0)
(1.10218 0.501543 0)
(1.05206 0.538129 0)
(0.999284 0.570698 0)
(0.944297 0.599295 0)
(0.887498 0.623995 0)
(0.829243 0.644869 0)
(0.769846 0.66196 0)
(0.709593 0.675272 0)
(0.648754 0.684775 0)
(0.587592 0.690425 0)
(0.526367 0.692205 0)
(0.465306 0.690159 0)
(0.404573 0.684415 0)
(0.34422 0.675174 0)
(0.284186 0.662673 0)
(0.224347 0.6471 0)
(0.164633 0.628521 0)
(0.105153 0.606836 0)
(0.0462509 0.581803 0)
(-0.0115245 0.55312 0)
(-0.0674981 0.520512 0)
(-0.120948 0.483799 0)
(-0.171155 0.442921 0)
(-0.217425 0.397947 0)
(-0.259099 0.349078 0)
(-0.295559 0.296634 0)
(-0.326235 0.241056 0)
(-0.35062 0.182899 0)
(-0.368281 0.122831 0)
(-0.37889 0.0616261 0)
(-0.382398 1.69407e-18 0)
(-0.37889 -0.0616261 0)
(-0.368281 -0.122831 0)
(-0.35062 -0.182899 0)
(-0.326235 -0.241056 0)
(-0.295559 -0.296634 0)
(-0.259099 -0.349078 0)
(-0.217425 -0.397947 0)
(-0.171155 -0.442921 0)
(-0.120948 -0.483799 0)
(-0.0674981 -0.520512 0)
(-0.0115245 -0.55312 0)
(0.0462509 -0.581803 0)
(0.105153 -0.606836 0)
(0.164633 -0.628521 0)
(0.224347 -0.6471 0)
(0.284186 -0.662673 0)
(0.34422 -0.675174 0)
(0.404573 -0.684415 0)
(0.465306 -0.690159 0)
(0.526367 -0.692205 0)
(0.587592 -0.690425 0)
(0.648754 -0.684775 0)
(0.709593 -0.675272 0)
(0.769846 -0.66196 0)
(0.829243 -0.644869 0)
(0.887498 -0.623995 0)
(0.944297 -0.599295 0)
(0.999284 -0.570698 0)
(1.05206 -0.538129 0)
(1.10218 -0.501543 0)
(1.14917 -0.460961 0)
(1.19251 -0.416505 0)
(1.2317 -0.368422 0)
(1.26628 -0.317085 0)
(1.29581 -0.262963 0)
(1.31994 -0.206579 0)
(1.33835 -0.148474 0)
(1.3508 -0.0891841 0)
(1.35666 -0.0296304 0)
(1.41206 0.0988399 0)
(1.39856 0.164281 0)
(1.37866 0.228311 0)
(1.35265 0.290372 0)
(1.3209 0.349942 0)
(1.28385 0.406543 0)
(1.24194 0.459744 0)
(1.19567 0.509181 0)
(1.14556 0.554592 0)
(1.09214 0.595823 0)
(1.0359 0.632819 0)
(0.977271 0.665592 0)
(0.916637 0.694177 0)
(0.854305 0.718598 0)
(0.79054 0.738838 0)
(0.725595 0.754827 0)
(0.659739 0.766461 0)
(0.593284 0.773622 0)
(0.526587 0.776227 0)
(0.460026 0.774261 0)
(0.393954 0.767808 0)
(0.32864 0.757049 0)
(0.264215 0.742242 0)
(0.200662 0.723665 0)
(0.137866 0.701537 0)
(0.0757335 0.675953 0)
(0.0143328 0.646842 0)
(-0.0460191 0.613998 0)
(-0.104767 0.577156 0)
(-0.161192 0.536083 0)
(-0.214503 0.490646 0)
(-0.263898 0.440847 0)
(-0.308602 0.386833 0)
(-0.347882 0.328894 0)
(-0.381063 0.267464 0)
(-0.407539 0.20311 0)
(-0.426792 0.136534 0)
(-0.438419 0.0685606 0)
(-0.442284 1.70762e-18 0)
(-0.438419 -0.0685606 0)
(-0.426792 -0.136534 0)
(-0.407539 -0.20311 0)
(-0.381063 -0.267464 0)
(-0.347882 -0.328894 0)
(-0.308602 -0.386833 0)
(-0.263898 -0.440847 0)
(-0.214503 -0.490646 0)
(-0.161192 -0.536083 0)
(-0.104767 -0.577156 0)
(-0.0460191 -0.613998 0)
(0.0143328 -0.646842 0)
(0.0757335 -0.675953 0)
(0.137866 -0.701537 0)
(0.200662 -0.723665 0)
(0.264215 -0.742242 0)
(0.32864 -0.757049 0)
(0.393954 -0.767808 0)
(0.460026 -0.774261 0)
(0.526587 -0.776227 0)
(0.593284 -0.773622 0)
(0.659739 -0.766461 0)
(0.725595 -0.754827 0)
(0.79054 -0.738838 0)
(0.854305 -0.718598 0)
(0.916637 -0.694177 0)
(0.977271 -0.665592 0)
(1.0359 -0.632819 0)
(1.09214 -0.595823 0)
(1.14556 -0.554592 0)
(1.19567 -0.509181 0)
(1.24194 -0.459744 0)
(1.28385 -0.406543 0)
(1.3209 -0.349942 0)
(1.35265 -0.290372 0)
(1.37866 -0.228311 0)
(1.39856 -0.164281 0)
(1.41206 -0.0988399 0)
(1.41854 -0.0329005 0)
(1.01053 0.00549785 0)
(1.01984 0.0079608 0)
(1.03021 0.00955157 0)
(1.04243 0.0107591 0)
(1.05699 0.0118644 0)
(1.07423 0.0130453 0)
(1.09453 0.0143712 0)
(1.11819 0.0158812 0)
(1.1456 0.017593 0)
(1.17717 0.0195173 0)
(1.21342 0.0216625 0)
(1.25493 0.0240453 0)
(1.30242 0.0266913 0)
(1.35666 0.0296304 0)
(1.41854 0.0329005 0)
(1.48903 0.036543 0)
(1.48903 -0.036543 0)
(1.48184 -0.109599 0)
(1.46718 -0.1819 0)
(1.4456 -0.252538 0)
(1.41745 -0.320908 0)
(1.3832 -0.386474 0)
(1.34332 -0.448778 0)
(1.29832 -0.507423 0)
(1.24875 -0.562075 0)
(1.19514 -0.612481 0)
(1.13802 -0.658471 0)
(1.07787 -0.699957 0)
(1.0151 -0.736906 0)
(0.950049 -0.769301 0)
(0.882998 -0.797111 0)
(0.814191 -0.820266 0)
(0.743885 -0.838654 0)
(0.672381 -0.852139 0)
(0.600048 -0.860582 0)
(0.527323 -0.863883 0)
(0.454683 -0.862012 0)
(0.382607 -0.855028 0)
(0.311515 -0.843088 0)
(0.241709 -0.826428 0)
(0.173337 -0.805331 0)
(0.106385 -0.780069 0)
(0.0407361 -0.750839 0)
(-0.0237115 -0.717709 0)
(-0.0868987 -0.680595 0)
(-0.148507 -0.639296 0)
(-0.207951 -0.593572 0)
(-0.264447 -0.543235 0)
(-0.317116 -0.488212 0)
(-0.365052 -0.428591 0)
(-0.407385 -0.364626 0)
(-0.443302 -0.296744 0)
(-0.472075 -0.225535 0)
(-0.493081 -0.151743 0)
(-0.50583 -0.0762594 0)
(-0.510089 1.72795e-18 0)
(-0.50583 0.0762594 0)
(-0.493081 0.151743 0)
(-0.472075 0.225535 0)
(-0.443302 0.296744 0)
(-0.407385 0.364626 0)
(-0.365052 0.428591 0)
(-0.317116 0.488212 0)
(-0.264447 0.543235 0)
(-0.207951 0.593572 0)
(-0.148507 0.639296 0)
(-0.0868987 0.680595 0)
(-0.0237115 0.717709 0)
(0.0407361 0.750839 0)
(0.106385 0.780069 0)
(0.173337 0.805331 0)
(0.241709 0.826428 0)
(0.311515 0.843088 0)
(0.382607 0.855028 0)
(0.454683 0.862012 0)
(0.600048 0.860582 0)
(0.672381 0.852139 0)
(0.743885 0.838654 0)
(0.814191 0.820266 0)
(0.882998 0.797111 0)
(0.950049 0.769301 0)
(1.0151 0.736906 0)
(1.07787 0.699957 0)
(1.13802 0.658471 0)
(1.19514 0.612481 0)
(1.24875 0.562075 0)
(1.29832 0.507423 0)
(1.34332 0.448778 0)
(1.3832 0.386474 0)
(1.41745 0.320908 0)
(1.4456 0.252538 0)
(1.46718 0.1819 0)
(1.48184 0.109599 0)
(0.527323 0.863883 0)
(0.000885469 0.00492097 -1)
(0.00351638 0.0102681 -1)
(0.00831655 0.015596 -1)
(0.0151752 0.0207477 -1)
(0.0241076 0.0257158 -1)
(0.0352441 0.0305232 -1)
(0.0487969 0.0351789 -1)
(0.0650291 0.0396646 -1)
(0.0842298 0.0439347 -1)
(0.10669 0.0479186 -1)
(0.132676 0.0515225 -1)
(0.1624 0.0546353 -1)
(0.195988 0.0571379 -1)
(0.233443 0.0589145 -1)
(0.274615 0.0598681 -1)
(0.319178 0.0599349 -1)
(0.366621 0.0590961 -1)
(0.416258 0.0573849 -1)
(0.46726 0.0548851 -1)
(0.518702 0.0517223 -1)
(0.569633 0.0480497 -1)
(0.619137 0.0440314 -1)
(0.666401 0.0398278 -1)
(0.710763 0.0355839 -1)
(0.751736 0.0314221 -1)
(0.789022 0.0274391 -1)
(0.822497 0.0237056 -1)
(0.852187 0.0202684 -1)
(0.878237 0.017153 -1)
(0.900878 0.0143677 -1)
(0.920395 0.0119072 -1)
(0.9371 0.00975602 -1)
(0.951312 0.00789225 -1)
(0.963339 0.00629004 -1)
(0.973474 0.00492186 -1)
(0.981982 0.0037602 -1)
(0.989104 0.00277864 -1)
(0.995048 0.00195266 -1)
(1 0.00126 -1)
(0 0 -1)
(0.000885469 -0.00492097 -1)
(0.00351638 -0.0102681 -1)
(0.00831655 -0.015596 -1)
(0.0151752 -0.0207477 -1)
(0.0241076 -0.0257158 -1)
(0.0352441 -0.0305232 -1)
(0.0487969 -0.0351789 -1)
(0.0650291 -0.0396646 -1)
(0.0842298 -0.0439347 -1)
(0.10669 -0.0479186 -1)
(0.132676 -0.0515225 -1)
(0.1624 -0.0546353 -1)
(0.195988 -0.0571379 -1)
(0.233443 -0.0589145 -1)
(0.274615 -0.0598681 -1)
(0.319178 -0.0599349 -1)
(0.366621 -0.0590961 -1)
(0.416258 -0.0573849 -1)
(0.46726 -0.0548851 -1)
(0.518702 -0.0517223 -1)
(0.569633 -0.0480497 -1)
(0.619137 -0.0440314 -1)
(0.666401 -0.0398278 -1)
(0.710763 -0.0355839 -1)
(0.751736 -0.0314221 -1)
(0.789022 -0.0274391 -1)
(0.822497 -0.0237056 -1)
(0.852187 -0.0202684 -1)
(0.878237 -0.017153 -1)
(0.900878 -0.0143677 -1)
(0.920395 -0.0119072 -1)
(0.9371 -0.00975602 -1)
(0.951312 -0.00789225 -1)
(0.963339 -0.00629004 -1)
(0.973474 -0.00492186 -1)
(0.981982 -0.0037602 -1)
(0.989104 -0.00277864 -1)
(0.995048 -0.00195266 -1)
(1 -0.00126 -1)
(1.01053 0.00549785 -1)
(1.01984 0.0079608 -1)
(1.03021 0.00955157 -1)
(1.04243 0.0107591 -1)
(1.05699 0.0118644 -1)
(1.07423 0.0130453 -1)
(1.09453 0.0143712 -1)
(1.11819 0.0158812 -1)
(1.1456 0.017593 -1)
(1.17717 0.0195173 -1)
(1.21342 0.0216625 -1)
(1.25493 0.0240453 -1)
(1.30242 0.0266913 -1)
(1.35666 0.0296304 -1)
(1.41854 0.0329005 -1)
(1.48903 0.036543 -1)
(1.48903 -0.036543 -1)
(1.48184 -0.109599 -1)
(1.46718 -0.1819 -1)
(1.4456 -0.252538 -1)
(1.41745 -0.320908 -1)
(1.3832 -0.386474 -1)
(1.34332 -0.448778 -1)
(1.29832 -0.507423 -1)
(1.24875 -0.562075 -1)
(1.19514 -0.612481 -1)
(1.13802 -0.658471 -1)
(1.07787 -0.699957 -1)
(1.0151 -0.736906 -1)
(0.950049 -0.769301 -1)
(0.882998 -0.797111 -1)
(0.814191 -0.820266 -1)
(0.743885 -0.838654 -1)
(0.672381 -0.852139 -1)
(0.600048 -0.860582 -1)
(0.527323 -0.863883 -1)
(0.454683 -0.862012 -1)
(0.382607 -0.855028 -1)
(0.311515 -0.843088 -1)
(0.241709 -0.826428 -1)
(0.173337 -0.805331 -1)
(0.106385 -0.780069 -1)
(0.0407361 -0.750839 -1)
(-0.0237115 -0.717709 -1)
(-0.0868987 -0.680595 -1)
(-0.148507 -0.639296 -1)
(-0.207951 -0.593572 -1)
(-0.264447 -0.543235 -1)
(-0.317116 -0.488212 -1)
(-0.365052 -0.428591 -1)
(-0.407385 -0.364626 -1)
(-0.443302 -0.296744 -1)
(-0.472075 -0.225535 -1)
(-0.493081 -0.151743 -1)
(-0.50583 -0.0762594 -1)
(-0.510089 1.72795e-18 -1)
(-0.50583 0.0762594 -1)
(-0.493081 0.151743 -1)
(-0.472075 0.225535 -1)
(-0.443302 0.296744 -1)
(-0.407385 0.364626 -1)
(-0.365052 0.428591 -1)
(-0.317116 0.488212 -1)
(-0.264447 0.543235 -1)
(-0.207951 0.593572 -1)
(-0.148507 0.639296 -1)
(-0.0868987 0.680595 -1)
(-0.0237115 0.717709 -1)
(0.0407361 0.750839 -1)
(0.106385 0.780069 -1)
(0.173337 0.805331 -1)
(0.241709 0.826428 -1)
(0.311515 0.843088 -1)
(0.382607 0.855028 -1)
(0.454683 0.862012 -1)
(0.527323 0.863883 -1)
(0.600048 0.860582 -1)
(0.672381 0.852139 -1)
(0.743885 0.838654 -1)
(0.814191 0.820266 -1)
(0.882998 0.797111 -1)
(0.950049 0.769301 -1)
(1.0151 0.736906 -1)
(1.07787 0.699957 -1)
(1.13802 0.658471 -1)
(1.19514 0.612481 -1)
(1.24875 0.562075 -1)
(1.29832 0.507423 -1)
(1.34332 0.448778 -1)
(1.3832 0.386474 -1)
(1.41745 0.320908 -1)
(1.4456 0.252538 -1)
(1.46718 0.1819 -1)
(1.48184 0.109599 -1)
(1.003 0.0144632 -1)
(0.994792 0.0199216 -1)
(0.985847 0.023362 -1)
(0.976192 0.0256302 -1)
(0.965495 0.0273007 -1)
(0.953263 0.0287916 -1)
(0.939005 0.0303972 -1)
(0.922294 0.03228 -1)
(0.902768 0.0345093 -1)
(0.880106 0.0371063 -1)
(0.854026 0.0400706 -1)
(0.824297 0.0433871 -1)
(0.790778 0.0470244 -1)
(0.75344 0.0509314 -1)
(0.712407 0.0550339 -1)
(0.667976 0.0592326 -1)
(0.620628 0.0634032 -1)
(0.571019 0.0673992 -1)
(0.519959 0.0710592 -1)
(0.468355 0.0742183 -1)
(0.417153 0.0767225 -1)
(0.367273 0.0784454 -1)
(0.31954 0.079302 -1)
(0.274636 0.0792576 -1)
(0.233069 0.0783284 -1)
(0.195163 0.0765751 -1)
(0.161062 0.0740897 -1)
(0.130754 0.0709798 -1)
(0.104101 0.0673513 -1)
(0.0808678 0.0632906 -1)
(0.0607538 0.0588471 -1)
(0.0434206 0.0540117 -1)
(0.0285245 0.0486978 -1)
(0.0157677 0.0427347 -1)
(0.00497302 0.0358977 -1)
(-0.00381793 0.0279935 -1)
(-0.0103766 0.0190229 -1)
(-0.0141523 0.00945335 -1)
(-0.0153373 -2.1684e-19 -1)
(-0.0141523 -0.00945335 -1)
(-0.0103766 -0.0190229 -1)
(-0.00381793 -0.0279935 -1)
(0.00497302 -0.0358977 -1)
(0.0157677 -0.0427347 -1)
(0.0285245 -0.0486978 -1)
(0.0434206 -0.0540117 -1)
(0.0607538 -0.0588471 -1)
(0.0808678 -0.0632906 -1)
(0.104101 -0.0673513 -1)
(0.130754 -0.0709798 -1)
(0.161062 -0.0740897 -1)
(0.195163 -0.0765751 -1)
(0.233069 -0.0783284 -1)
(0.274636 -0.0792576 -1)
(0.31954 -0.079302 -1)
(0.367273 -0.0784454 -1)
(0.417153 -0.0767225 -1)
(0.468355 -0.0742183 -1)
(0.519959 -0.0710592 -1)
(0.571019 -0.0673992 -1)
(0.620628 -0.0634032 -1)
(0.667976 -0.0592326 -1)
(0.712407 -0.0550339 -1)
(0.75344 -0.0509314 -1)
(0.790778 -0.0470244 -1)
(0.824297 -0.0433871 -1)
(0.854026 -0.0400706 -1)
(0.880106 -0.0371063 -1)
(0.902768 -0.0345093 -1)
(0.922294 -0.03228 -1)
(0.939005 -0.0303972 -1)
(0.953263 -0.0287916 -1)
(0.965495 -0.0273007 -1)
(0.976192 -0.0256302 -1)
(0.985847 -0.023362 -1)
(0.994792 -0.0199216 -1)
(1.003 -0.0144632 -1)
(1.01053 -0.00549785 -1)
(1.01348 0.0221911 -1)
(1.00462 0.0327696 -1)
(0.993877 0.0404573 -1)
(0.982168 0.0459919 -1)
(0.969563 0.0498932 -1)
(0.95593 0.0526229 -1)
(0.940894 0.0546319 -1)
(0.923902 0.0563646 -1)
(0.904356 0.058194 -1)
(0.881752 0.060353 -1)
(0.855723 0.062934 -1)
(0.82602 0.0659405 -1)
(0.792503 0.0693327 -1)
(0.75515 0.0730469 -1)
(0.714088 0.0769982 -1)
(0.669612 0.0810794 -1)
(0.622201 0.0851606 -1)
(0.572508 0.0890911 -1)
(0.521334 0.0927066 -1)
(0.46958 0.0958403 -1)
(0.418187 0.0983369 -1)
(0.368067 0.100069 -1)
(0.32004 0.10095 -1)
(0.274786 0.100943 -1)
(0.232807 0.10006 -1)
(0.194421 0.0983577 -1)
(0.159764 0.0959147 -1)
(0.128806 0.0928165 -1)
(0.101378 0.0891254 -1)
(0.0771978 0.0848496 -1)
(0.0559091 0.0799149 -1)
(0.0371369 0.0741536 -1)
(0.02057 0.0673268 -1)
(0.00604651 0.0591803 -1)
(-0.00639784 0.0495271 -1)
(-0.0164887 0.0383416 -1)
(-0.0239048 0.0258824 -1)
(-0.0281445 0.0128378 -1)
(-0.0294309 -2.30393e-18 -1)
(-0.0281445 -0.0128378 -1)
(-0.0239048 -0.0258824 -1)
(-0.0164887 -0.0383416 -1)
(-0.00639784 -0.0495271 -1)
(0.00604651 -0.0591803 -1)
(0.02057 -0.0673268 -1)
(0.0371369 -0.0741536 -1)
(0.0559091 -0.0799149 -1)
(0.0771978 -0.0848496 -1)
(0.101378 -0.0891254 -1)
(0.128806 -0.0928165 -1)
(0.159764 -0.0959147 -1)
(0.194421 -0.0983577 -1)
(0.232807 -0.10006 -1)
(0.274786 -0.100943 -1)
(0.32004 -0.10095 -1)
(0.368067 -0.100069 -1)
(0.418187 -0.0983369 -1)
(0.46958 -0.0958403 -1)
(0.521334 -0.0927066 -1)
(0.572508 -0.0890911 -1)
(0.622201 -0.0851606 -1)
(0.669612 -0.0810794 -1)
(0.714088 -0.0769982 -1)
(0.75515 -0.0730469 -1)
(0.792503 -0.0693327 -1)
(0.82602 -0.0659405 -1)
(0.855723 -0.062934 -1)
(0.881752 -0.060353 -1)
(0.904356 -0.058194 -1)
(0.923902 -0.0563646 -1)
(0.940894 -0.0546319 -1)
(0.95593 -0.0526229 -1)
(0.969563 -0.0498932 -1)
(0.982168 -0.0459919 -1)
(0.993877 -0.0404573 -1)
(1.00462 -0.0327696 -1)
(1.01348 -0.0221911 -1)
(1.01984 -0.0079608 -1)
(1.02548 0.0277247 -1)
(1.01659 0.0429181 -1)
(1.0049 0.0550305 -1)
(0.991558 0.064499 -1)
(0.976914 0.0717236 -1)
(0.961162 0.0770704 -1)
(0.944264 0.0808861 -1)
(0.92596 0.0835637 -1)
(0.905753 0.0855673 -1)
(0.882991 0.087384 -1)
(0.85705 0.0894097 -1)
(0.827486 0.091861 -1)
(0.794078 0.0947858 -1)
(0.756791 0.0981309 -1)
(0.715757 0.101796 -1)
(0.67128 0.105657 -1)
(0.62384 0.109571 -1)
(0.574089 0.113377 -1)
(0.522822 0.116906 -1)
(0.470934 0.119986 -1)
(0.41936 0.122459 -1)
(0.369005 0.124196 -1)
(0.320685 0.125109 -1)
(0.275071 0.125157 -1)
(0.232661 0.124347 -1)
(0.193758 0.122716 -1)
(0.158473 0.120316 -1)
(0.126734 0.117168 -1)
(0.098306 0.113233 -1)
(0.0728461 0.108375 -1)
(0.0499802 0.102373 -1)
(0.0294067 0.0949593 -1)
(0.010977 0.0858823 -1)
(-0.00526594 0.074972 -1)
(-0.0191099 0.0622008 -1)
(-0.0301842 0.0477453 -1)
(-0.0381674 0.0320529 -1)
(-0.0427129 0.0158929 -1)
(-0.0440894 -1.91091e-18 -1)
(-0.0427129 -0.0158929 -1)
(-0.0381674 -0.0320529 -1)
(-0.0301842 -0.0477453 -1)
(-0.0191099 -0.0622008 -1)
(-0.00526594 -0.074972 -1)
(0.010977 -0.0858823 -1)
(0.0294067 -0.0949593 -1)
(0.0499802 -0.102373 -1)
(0.0728461 -0.108375 -1)
(0.098306 -0.113233 -1)
(0.126734 -0.117168 -1)
(0.158473 -0.120316 -1)
(0.193758 -0.122716 -1)
(0.232661 -0.124347 -1)
(0.275071 -0.125157 -1)
(0.320685 -0.125109 -1)
(0.369005 -0.124196 -1)
(0.41936 -0.122459 -1)
(0.470934 -0.119986 -1)
(0.522822 -0.116906 -1)
(0.574089 -0.113377 -1)
(0.62384 -0.109571 -1)
(0.67128 -0.105657 -1)
(0.715757 -0.101796 -1)
(0.756791 -0.0981309 -1)
(0.794078 -0.0947858 -1)
(0.827486 -0.091861 -1)
(0.85705 -0.0894097 -1)
(0.882991 -0.087384 -1)
(0.905753 -0.0855673 -1)
(0.92596 -0.0835637 -1)
(0.944264 -0.0808861 -1)
(0.961162 -0.0770704 -1)
(0.976914 -0.0717236 -1)
(0.991558 -0.064499 -1)
(1.0049 -0.0550305 -1)
(1.01659 -0.0429181 -1)
(1.02548 -0.0277247 -1)
(1.03021 -0.00955157 -1)
(1.03895 0.0321602 -1)
(1.0303 0.0515475 -1)
(1.01817 0.0679651 -1)
(1.00365 0.0815201 -1)
(0.987287 0.0924769 -1)
(0.969453 0.101116 -1)
(0.95032 0.107692 -1)
(0.929899 0.11247 -1)
(0.908014 0.115785 -1)
(0.884246 0.118083 -1)
(0.857958 0.119901 -1)
(0.828468 0.121756 -1)
(0.795279 0.123991 -1)
(0.758197 0.126722 -1)
(0.717307 0.129897 -1)
(0.672912 0.133384 -1)
(0.625503 0.137016 -1)
(0.575738 0.140615 -1)
(0.524411 0.143997 -1)
(0.472415 0.146985 -1)
(0.420678 0.149413 -1)
(0.3701 0.15115 -1)
(0.321488 0.152104 -1)
(0.275506 0.152225 -1)
(0.232634 0.151501 -1)
(0.193141 0.149932 -1)
(0.15708 0.147492 -1)
(0.124298 0.144085 -1)
(0.0944982 0.13952 -1)
(0.0673331 0.133533 -1)
(0.0425239 0.125834 -1)
(0.0199394 0.116175 -1)
(-0.000379205 0.104394 -1)
(-0.0182328 0.0904589 -1)
(-0.0333147 0.074496 -1)
(-0.0452437 0.0568344 -1)
(-0.0537282 0.0380336 -1)
(-0.0585514 0.018875 -1)
(-0.0600237 -1.11131e-18 -1)
(-0.0585514 -0.018875 -1)
(-0.0537282 -0.0380336 -1)
(-0.0452437 -0.0568344 -1)
(-0.0333147 -0.074496 -1)
(-0.0182328 -0.0904589 -1)
(-0.000379205 -0.104394 -1)
(0.0199394 -0.116175 -1)
(0.0425239 -0.125834 -1)
(0.0673331 -0.133533 -1)
(0.0944982 -0.13952 -1)
(0.124298 -0.144085 -1)
(0.15708 -0.147492 -1)
(0.193141 -0.149932 -1)
(0.232634 -0.151501 -1)
(0.275506 -0.152225 -1)
(0.321488 -0.152104 -1)
(0.3701 -0.15115 -1)
(0.420678 -0.149413 -1)
(0.472415 -0.146985 -1)
(0.524411 -0.143997 -1)
(0.575738 -0.140615 -1)
(0.625503 -0.137016 -1)
(0.672912 -0.133384 -1)
(0.717307 -0.129897 -1)
(0.758197 -0.126722 -1)
(0.795279 -0.123991 -1)
(0.828468 -0.121756 -1)
(0.857958 -0.119901 -1)
(0.884246 -0.118083 -1)
(0.908014 -0.115785 -1)
(0.929899 -0.11247 -1)
(0.95032 -0.107692 -1)
(0.969453 -0.101116 -1)
(0.987287 -0.0924769 -1)
(1.00365 -0.0815201 -1)
(1.01817 -0.0679651 -1)
(1.0303 -0.0515475 -1)
(1.03895 -0.0321602 -1)
(1.04243 -0.0107591 -1)
(1.05418 0.0361267 -1)
(1.04584 0.059327 -1)
(1.03353 0.0798826 -1)
(1.01814 0.097555 -1)
(1.00036 0.112424 -1)
(0.980656 0.124677 -1)
(0.959337 0.13451 -1)
(0.936566 0.142113 -1)
(0.912385 0.147698 -1)
(0.886676 0.151554 -1)
(0.859096 0.154105 -1)
(0.829066 0.155909 -1)
(0.795908 0.157557 -1)
(0.759112 0.159501 -1)
(0.718528 0.161932 -1)
(0.674365 0.164815 -1)
(0.6271 0.16799 -1)
(0.5774 0.171256 -1)
(0.526072 0.174406 -1)
(0.474011 0.177244 -1)
(0.422142 0.179597 -1)
(0.371362 0.181323 -1)
(0.322466 0.182319 -1)
(0.276096 0.182514 -1)
(0.232689 0.181848 -1)
(0.192442 0.180235 -1)
(0.155317 0.177518 -1)
(0.121094 0.173452 -1)
(0.0894803 0.167729 -1)
(0.0602366 0.160037 -1)
(0.033256 0.150118 -1)
(0.00858744 0.137811 -1)
(-0.0135829 0.12307 -1)
(-0.0329636 0.105986 -1)
(-0.0492089 0.0868066 -1)
(-0.0619611 0.0659628 -1)
(-0.0709646 0.044072 -1)
(-0.0760862 0.0218982 -1)
(-0.0776645 -6.23416e-19 -1)
(-0.0760862 -0.0218982 -1)
(-0.0709646 -0.044072 -1)
(-0.0619611 -0.0659628 -1)
(-0.0492089 -0.0868066 -1)
(-0.0329636 -0.105986 -1)
(-0.0135829 -0.12307 -1)
(0.00858744 -0.137811 -1)
(0.033256 -0.150118 -1)
(0.0602366 -0.160037 -1)
(0.0894803 -0.167729 -1)
(0.121094 -0.173452 -1)
(0.155317 -0.177518 -1)
(0.192442 -0.180235 -1)
(0.232689 -0.181848 -1)
(0.276096 -0.182514 -1)
(0.322466 -0.182319 -1)
(0.371362 -0.181323 -1)
(0.422142 -0.179597 -1)
(0.474011 -0.177244 -1)
(0.526072 -0.174406 -1)
(0.5774 -0.171256 -1)
(0.6271 -0.16799 -1)
(0.674365 -0.164815 -1)
(0.718528 -0.161932 -1)
(0.759112 -0.159501 -1)
(0.795908 -0.157557 -1)
(0.829066 -0.155909 -1)
(0.859096 -0.154105 -1)
(0.886676 -0.151554 -1)
(0.912385 -0.147698 -1)
(0.936566 -0.142113 -1)
(0.959337 -0.13451 -1)
(0.980656 -0.124677 -1)
(1.00036 -0.112424 -1)
(1.01814 -0.097555 -1)
(1.03353 -0.0798826 -1)
(1.04584 -0.059327 -1)
(1.05418 -0.0361267 -1)
(1.05699 -0.0118644 -1)
(1.07159 0.0400466 -1)
(1.06346 0.0667427 -1)
(1.05104 0.0912601 -1)
(1.03499 0.113037 -1)
(1.016 0.131927 -1)
(0.994633 0.147995 -1)
(0.971269 0.161376 -1)
(0.946176 0.172216 -1)
(0.919518 0.180662 -1)
(0.891363 0.186892 -1)
(0.861645 0.19117 -1)
(0.830097 0.193902 -1)
(0.79622 0.19565 -1)
(0.759394 0.197052 -1)
(0.719147 0.198637 -1)
(0.67539 0.200668 -1)
(0.62845 0.203139 -1)
(0.578962 0.205878 -1)
(0.527739 0.20866 -1)
(0.475689 0.211262 -1)
(0.423744 0.213488 -1)
(0.372793 0.215175 -1)
(0.323609 0.216188 -1)
(0.276783 0.216401 -1)
(0.232669 0.215658 -1)
(0.191364 0.213735 -1)
(0.152757 0.210329 -1)
(0.116639 0.205086 -1)
(0.0828304 0.197663 -1)
(0.0512613 0.187781 -1)
(0.0219993 0.175263 -1)
(-0.00476678 0.160047 -1)
(-0.0287568 0.142188 -1)
(-0.0496304 0.121873 -1)
(-0.0670313 0.0994381 -1)
(-0.080632 0.0753782 -1)
(-0.0902077 0.0503341 -1)
(-0.0956716 0.0250417 -1)
(-0.0973715 1.92446e-18 -1)
(-0.0956716 -0.0250417 -1)
(-0.0902077 -0.0503341 -1)
(-0.080632 -0.0753782 -1)
(-0.0670313 -0.0994381 -1)
(-0.0496304 -0.121873 -1)
(-0.0287568 -0.142188 -1)
(-0.00476678 -0.160047 -1)
(0.0219993 -0.175263 -1)
(0.0512613 -0.187781 -1)
(0.0828304 -0.197663 -1)
(0.116639 -0.205086 -1)
(0.152757 -0.210329 -1)
(0.191364 -0.213735 -1)
(0.232669 -0.215658 -1)
(0.276783 -0.216401 -1)
(0.323609 -0.216188 -1)
(0.372793 -0.215175 -1)
(0.423744 -0.213488 -1)
(0.475689 -0.211262 -1)
(0.527739 -0.20866 -1)
(0.578962 -0.205878 -1)
(0.62845 -0.203139 -1)
(0.67539 -0.200668 -1)
(0.719147 -0.198637 -1)
(0.759394 -0.197052 -1)
(0.79622 -0.19565 -1)
(0.830097 -0.193902 -1)
(0.861645 -0.19117 -1)
(0.891363 -0.186892 -1)
(0.919518 -0.180662 -1)
(0.946176 -0.172216 -1)
(0.971269 -0.161376 -1)
(0.994633 -0.147995 -1)
(1.016 -0.131927 -1)
(1.03499 -0.113037 -1)
(1.05104 -0.0912601 -1)
(1.06346 -0.0667427 -1)
(1.07159 -0.0400466 -1)
(1.07423 -0.0130453 -1)
(1.09177 0.0441938 -1)
(1.08364 0.074224 -1)
(1.07105 0.102562 -1)
(1.05442 0.128415 -1)
(1.03435 0.151403 -1)
(1.01146 0.171443 -1)
(0.986173 0.188588 -1)
(0.958842 0.202942 -1)
(0.929707 0.214617 -1)
(0.898942 0.223733 -1)
(0.866647 0.230448 -1)
(0.832811 0.235012 -1)
(0.797247 0.237822 -1)
(0.759552 0.239446 -1)
(0.7192 0.240548 -1)
(0.675798 0.241711 -1)
(0.629337 0.243259 -1)
(0.580252 0.245222 -1)
(0.529293 0.247434 -1)
(0.477367 0.249659 -1)
(0.425412 0.251664 -1)
(0.374303 0.253236 -1)
(0.324765 0.254169 -1)
(0.277302 0.254227 -1)
(0.232162 0.253114 -1)
(0.189369 0.250461 -1)
(0.148822 0.24586 -1)
(0.110421 0.238925 -1)
(0.0741513 0.229341 -1)
(0.0401143 0.216902 -1)
(0.00851514 0.201515 -1)
(-0.020361 0.1832 -1)
(-0.0461747 0.162092 -1)
(-0.0685598 0.138451 -1)
(-0.0871608 0.112673 -1)
(-0.101674 0.0852894 -1)
(-0.111894 0.056947 -1)
(-0.117751 0.0283601 -1)
(-0.119588 4.58075e-18 -1)
(-0.117751 -0.0283601 -1)
(-0.111894 -0.056947 -1)
(-0.101674 -0.0852894 -1)
(-0.0871608 -0.112673 -1)
(-0.0685598 -0.138451 -1)
(-0.0461747 -0.162092 -1)
(-0.020361 -0.1832 -1)
(0.00851514 -0.201515 -1)
(0.0401143 -0.216902 -1)
(0.0741513 -0.229341 -1)
(0.110421 -0.238925 -1)
(0.148822 -0.24586 -1)
(0.189369 -0.250461 -1)
(0.232162 -0.253114 -1)
(0.277302 -0.254227 -1)
(0.324765 -0.254169 -1)
(0.374303 -0.253236 -1)
(0.425412 -0.251664 -1)
(0.477367 -0.249659 -1)
(0.529293 -0.247434 -1)
(0.580252 -0.245222 -1)
(0.629337 -0.243259 -1)
(0.675798 -0.241711 -1)
(0.7192 -0.240548 -1)
(0.759552 -0.239446 -1)
(0.797247 -0.237822 -1)
(0.832811 -0.235012 -1)
(0.866647 -0.230448 -1)
(0.898942 -0.223733 -1)
(0.929707 -0.214617 -1)
(0.958842 -0.202942 -1)
(0.986173 -0.188588 -1)
(1.01146 -0.171443 -1)
(1.03435 -0.151403 -1)
(1.05442 -0.128415 -1)
(1.07105 -0.102562 -1)
(1.08364 -0.074224 -1)
(1.09177 -0.0441938 -1)
(1.09453 -0.0143712 -1)
(1.11514 0.0487347 -1)
(1.1068 0.0820718 -1)
(1.09391 0.114146 -1)
(1.07667 0.144045 -1)
(1.0556 0.171194 -1)
(1.03125 0.195343 -1)
(1.00413 0.216444 -1)
(0.974625 0.234543 -1)
(0.943046 0.249722 -1)
(0.909635 0.262072 -1)
(0.874588 0.271699 -1)
(0.838047 0.278752 -1)
(0.800064 0.283478 -1)
(0.760544 0.286276 -1)
(0.719197 0.287715 -1)
(0.675619 0.288473 -1)
(0.629522 0.28917 -1)
(0.580979 0.290181 -1)
(0.530495 0.291575 -1)
(0.478871 0.293199 -1)
(0.427003 0.294796 -1)
(0.375723 0.296065 -1)
(0.325678 0.296675 -1)
(0.277274 0.296237 -1)
(0.230688 0.294305 -1)
(0.185951 0.290406 -1)
(0.143069 0.284095 -1)
(0.102101 0.275008 -1)
(0.0631999 0.262892 -1)
(0.0266043 0.24761 -1)
(-0.0073801 0.22914 -1)
(-0.0384017 0.207565 -1)
(-0.0660823 0.183078 -1)
(-0.0900402 0.155991 -1)
(-0.109922 0.126738 -1)
(-0.125438 0.0958703 -1)
(-0.136389 0.0640312 -1)
(-0.142703 0.0319202 -1)
(-0.1447 5.32614e-18 -1)
(-0.142703 -0.0319202 -1)
(-0.136389 -0.0640312 -1)
(-0.125438 -0.0958703 -1)
(-0.109922 -0.126738 -1)
(-0.0900402 -0.155991 -1)
(-0.0660823 -0.183078 -1)
(-0.0384017 -0.207565 -1)
(-0.0073801 -0.22914 -1)
(0.0266043 -0.24761 -1)
(0.0631999 -0.262892 -1)
(0.102101 -0.275008 -1)
(0.143069 -0.284095 -1)
(0.185951 -0.290406 -1)
(0.230688 -0.294305 -1)
(0.277274 -0.296237 -1)
(0.325678 -0.296675 -1)
(0.375723 -0.296065 -1)
(0.427003 -0.294796 -1)
(0.478871 -0.293199 -1)
(0.530495 -0.291575 -1)
(0.580979 -0.290181 -1)
(0.629522 -0.28917 -1)
(0.675619 -0.288473 -1)
(0.719197 -0.287715 -1)
(0.760544 -0.286276 -1)
(0.800064 -0.283478 -1)
(0.838047 -0.278752 -1)
(0.874588 -0.271699 -1)
(0.909635 -0.262072 -1)
(0.943046 -0.249722 -1)
(0.974625 -0.234543 -1)
(1.00413 -0.216444 -1)
(1.03125 -0.195343 -1)
(1.0556 -0.171194 -1)
(1.07667 -0.144045 -1)
(1.09391 -0.114146 -1)
(1.1068 -0.0820718 -1)
(1.11514 -0.0487347 -1)
(1.11819 -0.0158812 -1)
(1.14217 0.0537834 -1)
(1.13342 0.0905348 -1)
(1.12006 0.126333 -1)
(1.10212 0.160268 -1)
(1.08002 0.191627 -1)
(1.05425 0.220005 -1)
(1.02533 0.245233 -1)
(0.993683 0.267286 -1)
(0.959681 0.286206 -1)
(0.923619 0.302063 -1)
(0.885756 0.314938 -1)
(0.846323 0.324932 -1)
(0.805518 0.332201 -1)
(0.763468 0.336999 -1)
(0.720178 0.339732 -1)
(0.675486 0.340969 -1)
(0.629127 0.341388 -1)
(0.580924 0.341618 -1)
(0.531 0.34206 -1)
(0.479843 0.3428 -1)
(0.428153 0.343645 -1)
(0.376636 0.344224 -1)
(0.325842 0.344055 -1)
(0.276118 0.342595 -1)
(0.227656 0.339282 -1)
(0.180594 0.333595 -1)
(0.135091 0.325098 -1)
(0.091373 0.313473 -1)
(0.04973 0.298523 -1)
(0.0105053 0.280167 -1)
(-0.0259226 0.258431 -1)
(-0.0591533 0.233441 -1)
(-0.0887798 0.205431 -1)
(-0.114407 0.174746 -1)
(-0.135679 0.141844 -1)
(-0.152307 0.107282 -1)
(-0.164085 0.0716971 -1)
(-0.170925 0.0357801 -1)
(-0.173107 5.35325e-18 -1)
(-0.170925 -0.0357801 -1)
(-0.164085 -0.0716971 -1)
(-0.152307 -0.107282 -1)
(-0.135679 -0.141844 -1)
(-0.114407 -0.174746 -1)
(-0.0887798 -0.205431 -1)
(-0.0591533 -0.233441 -1)
(-0.0259226 -0.258431 -1)
(0.0105053 -0.280167 -1)
(0.04973 -0.298523 -1)
(0.091373 -0.313473 -1)
(0.135091 -0.325098 -1)
(0.180594 -0.333595 -1)
(0.227656 -0.339282 -1)
(0.276118 -0.342595 -1)
(0.325842 -0.344055 -1)
(0.376636 -0.344224 -1)
(0.428153 -0.343645 -1)
(0.479843 -0.3428 -1)
(0.531 -0.34206 -1)
(0.580924 -0.341618 -1)
(0.629127 -0.341388 -1)
(0.675486 -0.340969 -1)
(0.720178 -0.339732 -1)
(0.763468 -0.336999 -1)
(0.805518 -0.332201 -1)
(0.846323 -0.324932 -1)
(0.885756 -0.314938 -1)
(0.923619 -0.302063 -1)
(0.959681 -0.286206 -1)
(0.993683 -0.267286 -1)
(1.02533 -0.245233 -1)
(1.05425 -0.220005 -1)
(1.08002 -0.191627 -1)
(1.10212 -0.160268 -1)
(1.12006 -0.126333 -1)
(1.13342 -0.0905348 -1)
(1.14217 -0.0537834 -1)
(1.1456 -0.017593 -1)
(1.17332 0.0594227 -1)
(1.16403 0.099825 -1)
(1.14999 0.139441 -1)
(1.13121 0.177443 -1)
(1.108 0.213064 -1)
(1.08077 0.245777 -1)
(1.05004 0.275291 -1)
(1.01625 0.301492 -1)
(0.979817 0.324371 -1)
(0.941089 0.343972 -1)
(0.900376 0.360363 -1)
(0.85797 0.373627 -1)
(0.814152 0.383876 -1)
(0.769184 0.391282 -1)
(0.723277 0.396117 -1)
(0.676536 0.398791 -1)
(0.628925 0.39986 -1)
(0.580302 0.39996 -1)
(0.530551 0.399672 -1)
(0.479741 0.399343 -1)
(0.428173 0.398976 -1)
(0.376274 0.398251 -1)
(0.324462 0.396626 -1)
(0.273083 0.393468 -1)
(0.222431 0.388157 -1)
(0.172797 0.380158 -1)
(0.124509 0.369057 -1)
(0.0779323 0.354569 -1)
(0.0334699 0.336534 -1)
(-0.00845496 0.314902 -1)
(-0.047406 0.289725 -1)
(-0.0829423 0.261157 -1)
(-0.11463 0.229457 -1)
(-0.142056 0.194986 -1)
(-0.164854 0.158212 -1)
(-0.18272 0.119693 -1)
(-0.195431 0.0800591 -1)
(-0.20287 0.0399983 -1)
(-0.205263 5.2245e-18 -1)
(-0.20287 -0.0399983 -1)
(-0.195431 -0.0800591 -1)
(-0.18272 -0.119693 -1)
(-0.164854 -0.158212 -1)
(-0.142056 -0.194986 -1)
(-0.11463 -0.229457 -1)
(-0.0829423 -0.261157 -1)
(-0.047406 -0.289725 -1)
(-0.00845496 -0.314902 -1)
(0.0334699 -0.336534 -1)
(0.0779323 -0.354569 -1)
(0.124509 -0.369057 -1)
(0.172797 -0.380158 -1)
(0.222431 -0.388157 -1)
(0.273083 -0.393468 -1)
(0.324462 -0.396626 -1)
(0.376274 -0.398251 -1)
(0.428173 -0.398976 -1)
(0.479741 -0.399343 -1)
(0.530551 -0.399672 -1)
(0.580302 -0.39996 -1)
(0.628925 -0.39986 -1)
(0.676536 -0.398791 -1)
(0.723277 -0.396117 -1)
(0.769184 -0.391282 -1)
(0.814152 -0.383876 -1)
(0.85797 -0.373627 -1)
(0.900376 -0.360363 -1)
(0.941089 -0.343972 -1)
(0.979817 -0.324371 -1)
(1.01625 -0.301492 -1)
(1.05004 -0.275291 -1)
(1.08077 -0.245777 -1)
(1.108 -0.213064 -1)
(1.13121 -0.177443 -1)
(1.14999 -0.139441 -1)
(1.16403 -0.099825 -1)
(1.17332 -0.0594227 -1)
(1.17717 -0.0195173 -1)
(1.20911 0.0657132 -1)
(1.19917 0.110114 -1)
(1.18428 0.153756 -1)
(1.16448 0.195929 -1)
(1.14 0.235888 -1)
(1.11123 0.273035 -1)
(1.07862 0.306975 -1)
(1.04264 0.337501 -1)
(1.00374 0.364541 -1)
(0.962308 0.388105 -1)
(0.918709 0.408247 -1)
(0.873283 0.425043 -1)
(0.826366 0.438593 -1)
(0.778294 0.44903 -1)
(0.729393 0.456549 -1)
(0.679938 0.461429 -1)
(0.630104 0.464054 -1)
(0.579925 0.464899 -1)
(0.529299 0.464472 -1)
(0.478066 0.463194 -1)
(0.426128 0.461261 -1)
(0.37353 0.458558 -1)
(0.320471 0.454687 -1)
(0.267266 0.44908 -1)
(0.214304 0.441139 -1)
(0.162025 0.430332 -1)
(0.110902 0.416251 -1)
(0.0614248 0.398616 -1)
(0.0140886 0.377271 -1)
(-0.0306123 0.352172 -1)
(-0.0721878 0.32338 -1)
(-0.110156 0.291057 -1)
(-0.14405 0.255468 -1)
(-0.173433 0.216982 -1)
(-0.197913 0.176064 -1)
(-0.21716 0.13327 -1)
(-0.230917 0.0892275 -1)
(-0.239027 0.0446294 -1)
(-0.241657 5.14318e-18 -1)
(-0.239027 -0.0446294 -1)
(-0.230917 -0.0892275 -1)
(-0.21716 -0.13327 -1)
(-0.197913 -0.176064 -1)
(-0.173433 -0.216982 -1)
(-0.14405 -0.255468 -1)
(-0.110156 -0.291057 -1)
(-0.0721878 -0.32338 -1)
(-0.0306123 -0.352172 -1)
(0.0140886 -0.377271 -1)
(0.0614248 -0.398616 -1)
(0.110902 -0.416251 -1)
(0.162025 -0.430332 -1)
(0.214304 -0.441139 -1)
(0.267266 -0.44908 -1)
(0.320471 -0.454687 -1)
(0.37353 -0.458558 -1)
(0.426128 -0.461261 -1)
(0.478066 -0.463194 -1)
(0.529299 -0.464472 -1)
(0.579925 -0.464899 -1)
(0.630104 -0.464054 -1)
(0.679938 -0.461429 -1)
(0.729393 -0.456549 -1)
(0.778294 -0.44903 -1)
(0.826366 -0.438593 -1)
(0.873283 -0.425043 -1)
(0.918709 -0.408247 -1)
(0.962308 -0.388105 -1)
(1.00374 -0.364541 -1)
(1.04264 -0.337501 -1)
(1.07862 -0.306975 -1)
(1.11123 -0.273035 -1)
(1.14 -0.235888 -1)
(1.16448 -0.195929 -1)
(1.18428 -0.153756 -1)
(1.19917 -0.110114 -1)
(1.20911 -0.0657132 -1)
(1.21342 -0.0216625 -1)
(1.25015 0.0727176 -1)
(1.23946 0.121552 -1)
(1.22355 0.169549 -1)
(1.20252 0.216098 -1)
(1.1766 0.260525 -1)
(1.14612 0.30222 -1)
(1.11151 0.34072 -1)
(1.07325 0.375735 -1)
(1.0318 0.407122 -1)
(0.987602 0.434851 -1)
(0.94106 0.458955 -1)
(0.892562 0.479509 -1)
(0.842485 0.496609 -1)
(0.791202 0.510375 -1)
(0.739084 0.520951 -1)
(0.686471 0.528516 -1)
(0.63364 0.533294 -1)
(0.580756 0.535556 -1)
(0.527844 0.535608 -1)
(0.474781 0.53376 -1)
(0.421355 0.530258 -1)
(0.367368 0.525199 -1)
(0.312762 0.51847 -1)
(0.257685 0.509749 -1)
(0.202486 0.498585 -1)
(0.147659 0.484501 -1)
(0.093772 0.467085 -1)
(0.0414162 0.446034 -1)
(-0.00882438 0.421164 -1)
(-0.056381 0.392409 -1)
(-0.100703 0.359813 -1)
(-0.141257 0.323529 -1)
(-0.177536 0.283815 -1)
(-0.209061 0.241033 -1)
(-0.235402 0.195643 -1)
(-0.256185 0.148196 -1)
(-0.271109 0.0993231 -1)
(-0.279967 0.0497332 -1)
(-0.28286 3.1984e-18 -1)
(-0.279967 -0.0497332 -1)
(-0.271109 -0.0993231 -1)
(-0.256185 -0.148196 -1)
(-0.235402 -0.195643 -1)
(-0.209061 -0.241033 -1)
(-0.177536 -0.283815 -1)
(-0.141257 -0.323529 -1)
(-0.100703 -0.359813 -1)
(-0.056381 -0.392409 -1)
(-0.00882438 -0.421164 -1)
(0.0414162 -0.446034 -1)
(0.093772 -0.467085 -1)
(0.147659 -0.484501 -1)
(0.202486 -0.498585 -1)
(0.257685 -0.509749 -1)
(0.312762 -0.51847 -1)
(0.367368 -0.525199 -1)
(0.421355 -0.530258 -1)
(0.474781 -0.53376 -1)
(0.527844 -0.535608 -1)
(0.580756 -0.535556 -1)
(0.63364 -0.533294 -1)
(0.686471 -0.528516 -1)
(0.739084 -0.520951 -1)
(0.791202 -0.510375 -1)
(0.842485 -0.496609 -1)
(0.892562 -0.479509 -1)
(0.94106 -0.458955 -1)
(0.987602 -0.434851 -1)
(1.0318 -0.407122 -1)
(1.07325 -0.375735 -1)
(1.11151 -0.34072 -1)
(1.14612 -0.30222 -1)
(1.1766 -0.260525 -1)
(1.20252 -0.216098 -1)
(1.22355 -0.169549 -1)
(1.23946 -0.121552 -1)
(1.25015 -0.0727176 -1)
(1.25493 -0.0240453 -1)
(1.29713 0.0805122 -1)
(1.2856 0.134289 -1)
(1.26852 0.187076 -1)
(1.24605 0.238324 -1)
(1.21844 0.287436 -1)
(1.18605 0.333838 -1)
(1.14927 0.377041 -1)
(1.10857 0.416698 -1)
(1.06445 0.452604 -1)
(1.01737 0.484681 -1)
(0.96779 0.512938 -1)
(0.916131 0.537441 -1)
(0.862794 0.558282 -1)
(0.808159 0.575565 -1)
(0.752587 0.589387 -1)
(0.696407 0.599839 -1)
(0.639908 0.607003 -1)
(0.583316 0.610969 -1)
(0.52678 0.611848 -1)
(0.470345 0.609798 -1)
(0.413948 0.605011 -1)
(0.357433 0.59768 -1)
(0.300634 0.587932 -1)
(0.243491 0.575745 -1)
(0.186143 0.560931 -1)
(0.128959 0.543165 -1)
(0.0724807 0.522078 -1)
(0.0173422 0.497342 -1)
(-0.0357945 0.468723 -1)
(-0.086278 0.436106 -1)
(-0.13348 0.399493 -1)
(-0.176799 0.359007 -1)
(-0.215665 0.314884 -1)
(-0.249543 0.26747 -1)
(-0.277944 0.217215 -1)
(-0.300435 0.16467 -1)
(-0.316657 0.110479 -1)
(-0.326346 0.0553759 -1)
(-0.329531 3.00188e-18 -1)
(-0.326346 -0.0553759 -1)
(-0.316657 -0.110479 -1)
(-0.300435 -0.16467 -1)
(-0.277944 -0.217215 -1)
(-0.249543 -0.26747 -1)
(-0.215665 -0.314884 -1)
(-0.176799 -0.359007 -1)
(-0.13348 -0.399493 -1)
(-0.086278 -0.436106 -1)
(-0.0357945 -0.468723 -1)
(0.0173422 -0.497342 -1)
(0.0724807 -0.522078 -1)
(0.128959 -0.543165 -1)
(0.186143 -0.560931 -1)
(0.243491 -0.575745 -1)
(0.300634 -0.587932 -1)
(0.357433 -0.59768 -1)
(0.413948 -0.605011 -1)
(0.470345 -0.609798 -1)
(0.52678 -0.611848 -1)
(0.583316 -0.610969 -1)
(0.639908 -0.607003 -1)
(0.696407 -0.599839 -1)
(0.752587 -0.589387 -1)
(0.808159 -0.575565 -1)
(0.862794 -0.558282 -1)
(0.916131 -0.537441 -1)
(0.96779 -0.512938 -1)
(1.01737 -0.484681 -1)
(1.06445 -0.452604 -1)
(1.10857 -0.416698 -1)
(1.14927 -0.377041 -1)
(1.18605 -0.333838 -1)
(1.21844 -0.287436 -1)
(1.24605 -0.238324 -1)
(1.26852 -0.187076 -1)
(1.2856 -0.134289 -1)
(1.29713 -0.0805122 -1)
(1.30242 -0.0266913 -1)
(1.3508 0.0891841 -1)
(1.33835 0.148474 -1)
(1.31994 0.206579 -1)
(1.29581 0.262963 -1)
(1.26628 0.317085 -1)
(1.2317 0.368422 -1)
(1.19251 0.416505 -1)
(1.14917 0.460961 -1)
(1.10218 0.501543 -1)
(1.05206 0.538129 -1)
(0.999284 0.570698 -1)
(0.944297 0.599295 -1)
(0.887498 0.623995 -1)
(0.829243 0.644869 -1)
(0.769846 0.66196 -1)
(0.709593 0.675272 -1)
(0.648754 0.684775 -1)
(0.587592 0.690425 -1)
(0.526367 0.692205 -1)
(0.465306 0.690159 -1)
(0.404573 0.684415 -1)
(0.34422 0.675174 -1)
(0.284186 0.662673 -1)
(0.224347 0.6471 -1)
(0.164633 0.628521 -1)
(0.105153 0.606836 -1)
(0.0462509 0.581803 -1)
(-0.0115245 0.55312 -1)
(-0.0674981 0.520512 -1)
(-0.120948 0.483799 -1)
(-0.171155 0.442921 -1)
(-0.217425 0.397947 -1)
(-0.259099 0.349078 -1)
(-0.295559 0.296634 -1)
(-0.326235 0.241056 -1)
(-0.35062 0.182899 -1)
(-0.368281 0.122831 -1)
(-0.37889 0.0616261 -1)
(-0.382398 1.69407e-18 -1)
(-0.37889 -0.0616261 -1)
(-0.368281 -0.122831 -1)
(-0.35062 -0.182899 -1)
(-0.326235 -0.241056 -1)
(-0.295559 -0.296634 -1)
(-0.259099 -0.349078 -1)
(-0.217425 -0.397947 -1)
(-0.171155 -0.442921 -1)
(-0.120948 -0.483799 -1)
(-0.0674981 -0.520512 -1)
(-0.0115245 -0.55312 -1)
(0.0462509 -0.581803 -1)
(0.105153 -0.606836 -1)
(0.164633 -0.628521 -1)
(0.224347 -0.6471 -1)
(0.284186 -0.662673 -1)
(0.34422 -0.675174 -1)
(0.404573 -0.684415 -1)
(0.465306 -0.690159 -1)
(0.526367 -0.692205 -1)
(0.587592 -0.690425 -1)
(0.648754 -0.684775 -1)
(0.709593 -0.675272 -1)
(0.769846 -0.66196 -1)
(0.829243 -0.644869 -1)
(0.887498 -0.623995 -1)
(0.944297 -0.599295 -1)
(0.999284 -0.570698 -1)
(1.05206 -0.538129 -1)
(1.10218 -0.501543 -1)
(1.14917 -0.460961 -1)
(1.19251 -0.416505 -1)
(1.2317 -0.368422 -1)
(1.26628 -0.317085 -1)
(1.29581 -0.262963 -1)
(1.31994 -0.206579 -1)
(1.33835 -0.148474 -1)
(1.3508 -0.0891841 -1)
(1.35666 -0.0296304 -1)
(1.41206 0.0988399 -1)
(1.39856 0.164281 -1)
(1.37866 0.228311 -1)
(1.35265 0.290372 -1)
(1.3209 0.349942 -1)
(1.28385 0.406543 -1)
(1.24194 0.459744 -1)
(1.19567 0.509181 -1)
(1.14556 0.554592 -1)
(1.09214 0.595823 -1)
(1.0359 0.632819 -1)
(0.977271 0.665592 -1)
(0.916637 0.694177 -1)
(0.854305 0.718598 -1)
(0.79054 0.738838 -1)
(0.725595 0.754827 -1)
(0.659739 0.766461 -1)
(0.593284 0.773622 -1)
(0.526587 0.776227 -1)
(0.460026 0.774261 -1)
(0.393954 0.767808 -1)
(0.32864 0.757049 -1)
(0.264215 0.742242 -1)
(0.200662 0.723665 -1)
(0.137866 0.701537 -1)
(0.0757335 0.675953 -1)
(0.0143328 0.646842 -1)
(-0.0460191 0.613998 -1)
(-0.104767 0.577156 -1)
(-0.161192 0.536083 -1)
(-0.214503 0.490646 -1)
(-0.263898 0.440847 -1)
(-0.308602 0.386833 -1)
(-0.347882 0.328894 -1)
(-0.381063 0.267464 -1)
(-0.407539 0.20311 -1)
(-0.426792 0.136534 -1)
(-0.438419 0.0685606 -1)
(-0.442284 1.70762e-18 -1)
(-0.438419 -0.0685606 -1)
(-0.426792 -0.136534 -1)
(-0.407539 -0.20311 -1)
(-0.381063 -0.267464 -1)
(-0.347882 -0.328894 -1)
(-0.308602 -0.386833 -1)
(-0.263898 -0.440847 -1)
(-0.214503 -0.490646 -1)
(-0.161192 -0.536083 -1)
(-0.104767 -0.577156 -1)
(-0.0460191 -0.613998 -1)
(0.0143328 -0.646842 -1)
(0.0757335 -0.675953 -1)
(0.137866 -0.701537 -1)
(0.200662 -0.723665 -1)
(0.264215 -0.742242 -1)
(0.32864 -0.757049 -1)
(0.393954 -0.767808 -1)
(0.460026 -0.774261 -1)
(0.526587 -0.776227 -1)
(0.593284 -0.773622 -1)
(0.659739 -0.766461 -1)
(0.725595 -0.754827 -1)
(0.79054 -0.738838 -1)
(0.854305 -0.718598 -1)
(0.916637 -0.694177 -1)
(0.977271 -0.665592 -1)
(1.0359 -0.632819 -1)
(1.09214 -0.595823 -1)
(1.14556 -0.554592 -1)
(1.19567 -0.509181 -1)
(1.24194 -0.459744 -1)
(1.28385 -0.406543 -1)
(1.3209 -0.349942 -1)
(1.35265 -0.290372 -1)
(1.37866 -0.228311 -1)
(1.39856 -0.164281 -1)
(1.41206 -0.0988399 -1)
(1.41854 -0.0329005 -1)
)


// ************************************************************************* //
