/*--------------------------------*- C++ -*----------------------------------*\
  =========                 |
  \\      /  F ield         | OpenFOAM: The Open Source CFD Toolbox
   \\    /   O peration     | Website:  https://openfoam.org
    \\  /    A nd           | Version:  6
     \\/     M anipulation  |
\*---------------------------------------------------------------------------*/
FoamFile
{
    version     2.0;
    format      ascii;
    class       faceList;
    location    "constant/polyMesh";
    object      faces;
}
// * * * * * * * * * * * * * * * * * * * * * * * * * * * * * * * * * * * * * //


2001
(
4(1 402 1204 803)
4(2 403 1205 804)
4(3 404 1206 805)
4(4 405 1207 806)
4(5 406 1208 807)
4(6 407 1209 808)
4(7 408 1210 809)
4(8 409 1211 810)
4(9 410 1212 811)
4(10 411 1213 812)
4(11 412 1214 813)
4(12 413 1215 814)
4(13 414 1216 815)
4(14 415 1217 816)
4(15 416 1218 817)
4(16 417 1219 818)
4(17 418 1220 819)
4(18 419 1221 820)
4(19 420 1222 821)
4(20 421 1223 822)
4(21 422 1224 823)
4(22 423 1225 824)
4(23 424 1226 825)
4(24 425 1227 826)
4(25 426 1228 827)
4(26 427 1229 828)
4(27 428 1230 829)
4(28 429 1231 830)
4(29 430 1232 831)
4(30 431 1233 832)
4(31 432 1234 833)
4(32 433 1235 834)
4(33 434 1236 835)
4(34 435 1237 836)
4(35 436 1238 837)
4(36 437 1239 838)
4(37 438 1240 839)
4(38 439 1241 840)
4(39 440 1242 841)
4(40 441 1243 842)
4(41 442 1244 843)
4(42 443 1245 844)
4(43 444 1246 845)
4(44 445 1247 846)
4(45 446 1248 847)
4(46 447 1249 848)
4(47 448 1250 849)
4(48 449 1251 850)
4(49 450 1252 851)
4(50 451 1253 852)
4(51 452 1254 853)
4(52 453 1255 854)
4(53 454 1256 855)
4(54 455 1257 856)
4(55 456 1258 857)
4(56 457 1259 858)
4(57 458 1260 859)
4(58 459 1261 860)
4(59 460 1262 861)
4(60 461 1263 862)
4(61 462 1264 863)
4(62 463 1265 864)
4(63 464 1266 865)
4(64 465 1267 866)
4(65 466 1268 867)
4(66 467 1269 868)
4(67 468 1270 869)
4(68 469 1271 870)
4(69 470 1272 871)
4(70 471 1273 872)
4(71 472 1274 873)
4(72 473 1275 874)
4(73 474 1276 875)
4(74 475 1277 876)
4(75 476 1278 877)
4(76 477 1279 878)
4(77 478 1280 879)
4(78 479 1281 880)
4(79 480 1282 881)
4(80 481 1283 882)
4(81 482 1284 883)
4(82 483 1285 884)
4(83 484 1286 885)
4(84 485 1287 886)
4(85 486 1288 887)
4(86 487 1289 888)
4(87 488 1290 889)
4(88 489 1291 890)
4(89 490 1292 891)
4(90 491 1293 892)
4(91 492 1294 893)
4(92 493 1295 894)
4(93 494 1296 895)
4(94 495 1297 896)
4(95 496 1298 897)
4(96 497 1299 898)
4(97 498 1300 899)
4(98 499 1301 900)
4(99 500 1302 901)
4(100 501 1303 902)
4(101 502 1304 903)
4(102 503 1305 904)
4(103 504 1306 905)
4(104 505 1307 906)
4(105 506 1308 907)
4(106 507 1309 908)
4(107 508 1310 909)
4(108 509 1311 910)
4(109 510 1312 911)
4(110 511 1313 912)
4(111 512 1314 913)
4(112 513 1315 914)
4(113 514 1316 915)
4(114 515 1317 916)
4(115 516 1318 917)
4(116 517 1319 918)
4(117 518 1320 919)
4(118 519 1321 920)
4(119 520 1322 921)
4(120 521 1323 922)
4(121 522 1324 923)
4(122 523 1325 924)
4(123 524 1326 925)
4(124 525 1327 926)
4(125 526 1328 927)
4(126 527 1329 928)
4(127 528 1330 929)
4(128 529 1331 930)
4(129 530 1332 931)
4(130 531 1333 932)
4(131 532 1334 933)
4(132 533 1335 934)
4(133 534 1336 935)
4(134 535 1337 936)
4(135 536 1338 937)
4(136 537 1339 938)
4(137 538 1340 939)
4(138 539 1341 940)
4(139 540 1342 941)
4(140 541 1343 942)
4(141 542 1344 943)
4(142 543 1345 944)
4(143 544 1346 945)
4(144 545 1347 946)
4(145 546 1348 947)
4(146 547 1349 948)
4(147 548 1350 949)
4(148 549 1351 950)
4(149 550 1352 951)
4(150 551 1353 952)
4(151 552 1354 953)
4(152 553 1355 954)
4(153 554 1356 955)
4(154 555 1357 956)
4(155 556 1358 957)
4(156 557 1359 958)
4(157 558 1360 959)
4(158 559 1361 960)
4(159 560 1362 961)
4(160 561 1363 962)
4(161 562 1364 963)
4(162 563 1365 964)
4(163 564 1366 965)
4(164 565 1367 966)
4(165 566 1368 967)
4(166 567 1369 968)
4(167 568 1370 969)
4(168 569 1371 970)
4(169 570 1372 971)
4(170 571 1373 972)
4(171 572 1374 973)
4(172 573 1375 974)
4(173 574 1376 975)
4(174 575 1377 976)
4(175 576 1378 977)
4(176 577 1379 978)
4(177 578 1380 979)
4(178 579 1381 980)
4(179 580 1382 981)
4(180 581 1383 982)
4(181 582 1384 983)
4(182 583 1385 984)
4(183 584 1386 985)
4(184 585 1387 986)
4(185 586 1388 987)
4(186 587 1389 988)
4(187 588 1390 989)
4(188 589 1391 990)
4(189 590 1392 991)
4(190 591 1393 992)
4(191 592 1394 993)
4(192 593 1395 994)
4(193 594 1396 995)
4(194 595 1397 996)
4(195 596 1398 997)
4(196 597 1399 998)
4(197 598 1400 999)
4(198 599 1401 1000)
4(199 600 1402 1001)
4(200 601 1403 1002)
4(201 602 1404 1003)
4(202 603 1405 1004)
4(203 604 1406 1005)
4(204 605 1407 1006)
4(205 606 1408 1007)
4(206 607 1409 1008)
4(207 608 1410 1009)
4(208 609 1411 1010)
4(209 610 1412 1011)
4(210 611 1413 1012)
4(211 612 1414 1013)
4(212 613 1415 1014)
4(213 614 1416 1015)
4(214 615 1417 1016)
4(215 616 1418 1017)
4(216 617 1419 1018)
4(217 618 1420 1019)
4(218 619 1421 1020)
4(219 620 1422 1021)
4(220 621 1423 1022)
4(221 622 1424 1023)
4(222 623 1425 1024)
4(223 624 1426 1025)
4(224 625 1427 1026)
4(225 626 1428 1027)
4(226 627 1429 1028)
4(227 628 1430 1029)
4(228 629 1431 1030)
4(229 630 1432 1031)
4(230 631 1433 1032)
4(231 632 1434 1033)
4(232 633 1435 1034)
4(233 634 1436 1035)
4(234 635 1437 1036)
4(235 636 1438 1037)
4(236 637 1439 1038)
4(237 638 1440 1039)
4(238 639 1441 1040)
4(239 640 1442 1041)
4(240 641 1443 1042)
4(241 642 1444 1043)
4(242 643 1445 1044)
4(243 644 1446 1045)
4(244 645 1447 1046)
4(245 646 1448 1047)
4(246 647 1449 1048)
4(247 648 1450 1049)
4(248 649 1451 1050)
4(249 650 1452 1051)
4(250 651 1453 1052)
4(251 652 1454 1053)
4(252 653 1455 1054)
4(253 654 1456 1055)
4(254 655 1457 1056)
4(255 656 1458 1057)
4(256 657 1459 1058)
4(257 658 1460 1059)
4(258 659 1461 1060)
4(259 660 1462 1061)
4(260 661 1463 1062)
4(261 662 1464 1063)
4(262 663 1465 1064)
4(263 664 1466 1065)
4(264 665 1467 1066)
4(265 666 1468 1067)
4(266 667 1469 1068)
4(267 668 1470 1069)
4(268 669 1471 1070)
4(269 670 1472 1071)
4(270 671 1473 1072)
4(271 672 1474 1073)
4(272 673 1475 1074)
4(273 674 1476 1075)
4(274 675 1477 1076)
4(275 676 1478 1077)
4(276 677 1479 1078)
4(277 678 1480 1079)
4(278 679 1481 1080)
4(279 680 1482 1081)
4(280 681 1483 1082)
4(281 682 1484 1083)
4(282 683 1485 1084)
4(283 684 1486 1085)
4(284 685 1487 1086)
4(285 686 1488 1087)
4(286 687 1489 1088)
4(287 688 1490 1089)
4(288 689 1491 1090)
4(289 690 1492 1091)
4(290 691 1493 1092)
4(291 692 1494 1093)
4(292 693 1495 1094)
4(293 694 1496 1095)
4(294 695 1497 1096)
4(295 696 1498 1097)
4(296 697 1499 1098)
4(297 698 1500 1099)
4(298 699 1501 1100)
4(299 700 1502 1101)
4(300 701 1503 1102)
4(301 702 1504 1103)
4(302 703 1505 1104)
4(303 704 1506 1105)
4(304 705 1507 1106)
4(305 706 1508 1107)
4(306 707 1509 1108)
4(307 708 1510 1109)
4(308 709 1511 1110)
4(309 710 1512 1111)
4(310 711 1513 1112)
4(311 712 1514 1113)
4(312 713 1515 1114)
4(313 714 1516 1115)
4(314 715 1517 1116)
4(315 716 1518 1117)
4(316 717 1519 1118)
4(317 718 1520 1119)
4(318 719 1521 1120)
4(319 720 1522 1121)
4(320 721 1523 1122)
4(321 722 1524 1123)
4(322 723 1525 1124)
4(323 724 1526 1125)
4(324 725 1527 1126)
4(325 726 1528 1127)
4(326 727 1529 1128)
4(327 728 1530 1129)
4(328 729 1531 1130)
4(329 730 1532 1131)
4(330 731 1533 1132)
4(331 732 1534 1133)
4(332 733 1535 1134)
4(333 734 1536 1135)
4(334 735 1537 1136)
4(335 736 1538 1137)
4(336 737 1539 1138)
4(337 738 1540 1139)
4(338 739 1541 1140)
4(339 740 1542 1141)
4(340 741 1543 1142)
4(341 742 1544 1143)
4(342 743 1545 1144)
4(343 744 1546 1145)
4(344 745 1547 1146)
4(345 746 1548 1147)
4(346 747 1549 1148)
4(347 748 1550 1149)
4(348 749 1551 1150)
4(349 750 1552 1151)
4(350 751 1553 1152)
4(351 752 1554 1153)
4(352 753 1555 1154)
4(353 754 1556 1155)
4(354 755 1557 1156)
4(355 756 1558 1157)
4(356 757 1559 1158)
4(357 758 1560 1159)
4(358 759 1561 1160)
4(359 760 1562 1161)
4(360 761 1563 1162)
4(361 762 1564 1163)
4(362 763 1565 1164)
4(363 764 1566 1165)
4(364 765 1567 1166)
4(365 766 1568 1167)
4(366 767 1569 1168)
4(367 768 1570 1169)
4(368 769 1571 1170)
4(369 770 1572 1171)
4(370 771 1573 1172)
4(371 772 1574 1173)
4(372 773 1575 1174)
4(373 774 1576 1175)
4(374 775 1577 1176)
4(375 776 1578 1177)
4(376 777 1579 1178)
4(377 778 1580 1179)
4(378 779 1581 1180)
4(379 780 1582 1181)
4(380 781 1583 1182)
4(381 782 1584 1183)
4(382 783 1585 1184)
4(383 784 1586 1185)
4(384 785 1587 1186)
4(385 786 1588 1187)
4(386 787 1589 1188)
4(387 788 1590 1189)
4(388 789 1591 1190)
4(389 790 1592 1191)
4(390 791 1593 1192)
4(391 792 1594 1193)
4(392 793 1595 1194)
4(393 794 1596 1195)
4(394 795 1597 1196)
4(395 796 1598 1197)
4(396 797 1599 1198)
4(397 798 1600 1199)
4(398 799 1601 1200)
4(399 800 1602 1201)
4(400 801 1603 1202)
4(0 802 1203 401)
4(0 1 803 802)
4(1 2 804 803)
4(2 3 805 804)
4(3 4 806 805)
4(4 5 807 806)
4(5 6 808 807)
4(6 7 809 808)
4(7 8 810 809)
4(8 9 811 810)
4(9 10 812 811)
4(10 11 813 812)
4(11 12 814 813)
4(12 13 815 814)
4(13 14 816 815)
4(14 15 817 816)
4(15 16 818 817)
4(16 17 819 818)
4(17 18 820 819)
4(18 19 821 820)
4(19 20 822 821)
4(20 21 823 822)
4(21 22 824 823)
4(22 23 825 824)
4(23 24 826 825)
4(24 25 827 826)
4(25 26 828 827)
4(26 27 829 828)
4(27 28 830 829)
4(28 29 831 830)
4(29 30 832 831)
4(30 31 833 832)
4(31 32 834 833)
4(32 33 835 834)
4(33 34 836 835)
4(34 35 837 836)
4(35 36 838 837)
4(36 37 839 838)
4(37 38 840 839)
4(38 39 841 840)
4(39 40 842 841)
4(40 41 843 842)
4(41 42 844 843)
4(42 43 845 844)
4(43 44 846 845)
4(44 45 847 846)
4(45 46 848 847)
4(46 47 849 848)
4(47 48 850 849)
4(48 49 851 850)
4(49 50 852 851)
4(50 51 853 852)
4(51 52 854 853)
4(52 53 855 854)
4(53 54 856 855)
4(54 55 857 856)
4(55 56 858 857)
4(56 57 859 858)
4(57 58 860 859)
4(58 59 861 860)
4(59 60 862 861)
4(60 61 863 862)
4(61 62 864 863)
4(62 63 865 864)
4(63 64 866 865)
4(64 65 867 866)
4(65 66 868 867)
4(66 67 869 868)
4(67 68 870 869)
4(68 69 871 870)
4(69 70 872 871)
4(70 71 873 872)
4(71 72 874 873)
4(72 73 875 874)
4(73 74 876 875)
4(74 75 877 876)
4(75 76 878 877)
4(76 77 879 878)
4(77 78 880 879)
4(78 79 881 880)
4(79 80 882 881)
4(80 81 883 882)
4(81 82 884 883)
4(82 83 885 884)
4(83 84 886 885)
4(84 85 887 886)
4(85 86 888 887)
4(86 87 889 888)
4(87 88 890 889)
4(88 89 891 890)
4(89 90 892 891)
4(90 91 893 892)
4(91 92 894 893)
4(92 93 895 894)
4(93 94 896 895)
4(94 95 897 896)
4(95 96 898 897)
4(96 97 899 898)
4(97 98 900 899)
4(98 99 901 900)
4(99 100 902 901)
4(100 101 903 902)
4(101 102 904 903)
4(102 103 905 904)
4(103 104 906 905)
4(104 105 907 906)
4(105 106 908 907)
4(106 107 909 908)
4(107 108 910 909)
4(108 109 911 910)
4(109 110 912 911)
4(110 111 913 912)
4(111 112 914 913)
4(112 113 915 914)
4(113 114 916 915)
4(114 115 917 916)
4(115 116 918 917)
4(116 117 919 918)
4(117 118 920 919)
4(118 119 921 920)
4(119 120 922 921)
4(120 121 923 922)
4(121 122 924 923)
4(122 123 925 924)
4(123 124 926 925)
4(124 125 927 926)
4(125 126 928 927)
4(126 127 929 928)
4(127 128 930 929)
4(128 129 931 930)
4(129 130 932 931)
4(130 131 933 932)
4(131 132 934 933)
4(132 133 935 934)
4(133 134 936 935)
4(134 135 937 936)
4(135 136 938 937)
4(136 137 939 938)
4(137 138 940 939)
4(138 139 941 940)
4(139 140 942 941)
4(140 141 943 942)
4(141 142 944 943)
4(142 143 945 944)
4(143 144 946 945)
4(144 145 947 946)
4(145 146 948 947)
4(146 147 949 948)
4(147 148 950 949)
4(148 149 951 950)
4(149 150 952 951)
4(150 151 953 952)
4(151 152 954 953)
4(152 153 955 954)
4(153 154 956 955)
4(154 155 957 956)
4(155 156 958 957)
4(156 157 959 958)
4(157 158 960 959)
4(158 159 961 960)
4(159 160 962 961)
4(160 161 963 962)
4(161 162 964 963)
4(162 163 965 964)
4(163 164 966 965)
4(164 165 967 966)
4(165 166 968 967)
4(166 167 969 968)
4(167 168 970 969)
4(168 169 971 970)
4(169 170 972 971)
4(170 171 973 972)
4(171 172 974 973)
4(172 173 975 974)
4(173 174 976 975)
4(174 175 977 976)
4(175 176 978 977)
4(176 177 979 978)
4(177 178 980 979)
4(178 179 981 980)
4(179 180 982 981)
4(180 181 983 982)
4(181 182 984 983)
4(182 183 985 984)
4(183 184 986 985)
4(184 185 987 986)
4(185 186 988 987)
4(186 187 989 988)
4(187 188 990 989)
4(188 189 991 990)
4(189 190 992 991)
4(190 191 993 992)
4(191 192 994 993)
4(192 193 995 994)
4(193 194 996 995)
4(194 195 997 996)
4(195 196 998 997)
4(196 197 999 998)
4(197 198 1000 999)
4(198 199 1001 1000)
4(199 200 1002 1001)
4(200 201 1003 1002)
4(201 202 1004 1003)
4(202 203 1005 1004)
4(203 204 1006 1005)
4(204 205 1007 1006)
4(205 206 1008 1007)
4(206 207 1009 1008)
4(207 208 1010 1009)
4(208 209 1011 1010)
4(209 210 1012 1011)
4(210 211 1013 1012)
4(211 212 1014 1013)
4(212 213 1015 1014)
4(213 214 1016 1015)
4(214 215 1017 1016)
4(215 216 1018 1017)
4(216 217 1019 1018)
4(217 218 1020 1019)
4(218 219 1021 1020)
4(219 220 1022 1021)
4(220 221 1023 1022)
4(221 222 1024 1023)
4(222 223 1025 1024)
4(223 224 1026 1025)
4(224 225 1027 1026)
4(225 226 1028 1027)
4(226 227 1029 1028)
4(227 228 1030 1029)
4(228 229 1031 1030)
4(229 230 1032 1031)
4(230 231 1033 1032)
4(231 232 1034 1033)
4(232 233 1035 1034)
4(233 234 1036 1035)
4(234 235 1037 1036)
4(235 236 1038 1037)
4(236 237 1039 1038)
4(237 238 1040 1039)
4(238 239 1041 1040)
4(239 240 1042 1041)
4(240 241 1043 1042)
4(241 242 1044 1043)
4(242 243 1045 1044)
4(243 244 1046 1045)
4(244 245 1047 1046)
4(245 246 1048 1047)
4(246 247 1049 1048)
4(247 248 1050 1049)
4(248 249 1051 1050)
4(249 250 1052 1051)
4(250 251 1053 1052)
4(251 252 1054 1053)
4(252 253 1055 1054)
4(253 254 1056 1055)
4(254 255 1057 1056)
4(255 256 1058 1057)
4(256 257 1059 1058)
4(257 258 1060 1059)
4(258 259 1061 1060)
4(259 260 1062 1061)
4(260 261 1063 1062)
4(261 262 1064 1063)
4(262 263 1065 1064)
4(263 264 1066 1065)
4(264 265 1067 1066)
4(265 266 1068 1067)
4(266 267 1069 1068)
4(267 268 1070 1069)
4(268 269 1071 1070)
4(269 270 1072 1071)
4(270 271 1073 1072)
4(271 272 1074 1073)
4(272 273 1075 1074)
4(273 274 1076 1075)
4(274 275 1077 1076)
4(275 276 1078 1077)
4(276 277 1079 1078)
4(277 278 1080 1079)
4(278 279 1081 1080)
4(279 280 1082 1081)
4(280 281 1083 1082)
4(281 282 1084 1083)
4(282 283 1085 1084)
4(283 284 1086 1085)
4(284 285 1087 1086)
4(285 286 1088 1087)
4(286 287 1089 1088)
4(287 288 1090 1089)
4(288 289 1091 1090)
4(289 290 1092 1091)
4(290 291 1093 1092)
4(291 292 1094 1093)
4(292 293 1095 1094)
4(293 294 1096 1095)
4(294 295 1097 1096)
4(295 296 1098 1097)
4(296 297 1099 1098)
4(297 298 1100 1099)
4(298 299 1101 1100)
4(299 300 1102 1101)
4(300 301 1103 1102)
4(301 302 1104 1103)
4(302 303 1105 1104)
4(303 304 1106 1105)
4(304 305 1107 1106)
4(305 306 1108 1107)
4(306 307 1109 1108)
4(307 308 1110 1109)
4(308 309 1111 1110)
4(309 310 1112 1111)
4(310 311 1113 1112)
4(311 312 1114 1113)
4(312 313 1115 1114)
4(313 314 1116 1115)
4(314 315 1117 1116)
4(315 316 1118 1117)
4(316 317 1119 1118)
4(317 318 1120 1119)
4(318 319 1121 1120)
4(319 320 1122 1121)
4(320 321 1123 1122)
4(321 322 1124 1123)
4(322 323 1125 1124)
4(323 324 1126 1125)
4(324 325 1127 1126)
4(325 326 1128 1127)
4(326 327 1129 1128)
4(327 328 1130 1129)
4(328 329 1131 1130)
4(329 330 1132 1131)
4(330 331 1133 1132)
4(331 332 1134 1133)
4(332 333 1135 1134)
4(333 334 1136 1135)
4(334 335 1137 1136)
4(335 336 1138 1137)
4(336 337 1139 1138)
4(337 338 1140 1139)
4(338 339 1141 1140)
4(339 340 1142 1141)
4(340 341 1143 1142)
4(341 342 1144 1143)
4(342 343 1145 1144)
4(343 344 1146 1145)
4(344 345 1147 1146)
4(345 346 1148 1147)
4(346 347 1149 1148)
4(347 348 1150 1149)
4(348 349 1151 1150)
4(349 350 1152 1151)
4(350 351 1153 1152)
4(351 352 1154 1153)
4(352 353 1155 1154)
4(353 354 1156 1155)
4(354 355 1157 1156)
4(355 356 1158 1157)
4(356 357 1159 1158)
4(357 358 1160 1159)
4(358 359 1161 1160)
4(359 360 1162 1161)
4(360 361 1163 1162)
4(361 362 1164 1163)
4(362 363 1165 1164)
4(363 364 1166 1165)
4(364 365 1167 1166)
4(365 366 1168 1167)
4(366 367 1169 1168)
4(367 368 1170 1169)
4(368 369 1171 1170)
4(369 370 1172 1171)
4(370 371 1173 1172)
4(371 372 1174 1173)
4(372 373 1175 1174)
4(373 374 1176 1175)
4(374 375 1177 1176)
4(375 376 1178 1177)
4(376 377 1179 1178)
4(377 378 1180 1179)
4(378 379 1181 1180)
4(379 380 1182 1181)
4(380 381 1183 1182)
4(381 382 1184 1183)
4(382 383 1185 1184)
4(383 384 1186 1185)
4(384 385 1187 1186)
4(385 386 1188 1187)
4(386 387 1189 1188)
4(387 388 1190 1189)
4(388 389 1191 1190)
4(389 390 1192 1191)
4(390 391 1193 1192)
4(391 392 1194 1193)
4(392 393 1195 1194)
4(393 394 1196 1195)
4(394 395 1197 1196)
4(395 396 1198 1197)
4(396 397 1199 1198)
4(397 398 1200 1199)
4(398 399 1201 1200)
4(399 400 1202 1201)
4(802 803 1204 1203)
4(803 804 1205 1204)
4(804 805 1206 1205)
4(805 806 1207 1206)
4(806 807 1208 1207)
4(807 808 1209 1208)
4(808 809 1210 1209)
4(809 810 1211 1210)
4(810 811 1212 1211)
4(811 812 1213 1212)
4(812 813 1214 1213)
4(813 814 1215 1214)
4(814 815 1216 1215)
4(815 816 1217 1216)
4(816 817 1218 1217)
4(817 818 1219 1218)
4(818 819 1220 1219)
4(819 820 1221 1220)
4(820 821 1222 1221)
4(821 822 1223 1222)
4(822 823 1224 1223)
4(823 824 1225 1224)
4(824 825 1226 1225)
4(825 826 1227 1226)
4(826 827 1228 1227)
4(827 828 1229 1228)
4(828 829 1230 1229)
4(829 830 1231 1230)
4(830 831 1232 1231)
4(831 832 1233 1232)
4(832 833 1234 1233)
4(833 834 1235 1234)
4(834 835 1236 1235)
4(835 836 1237 1236)
4(836 837 1238 1237)
4(837 838 1239 1238)
4(838 839 1240 1239)
4(839 840 1241 1240)
4(840 841 1242 1241)
4(841 842 1243 1242)
4(842 843 1244 1243)
4(843 844 1245 1244)
4(844 845 1246 1245)
4(845 846 1247 1246)
4(846 847 1248 1247)
4(847 848 1249 1248)
4(848 849 1250 1249)
4(849 850 1251 1250)
4(850 851 1252 1251)
4(851 852 1253 1252)
4(852 853 1254 1253)
4(853 854 1255 1254)
4(854 855 1256 1255)
4(855 856 1257 1256)
4(856 857 1258 1257)
4(857 858 1259 1258)
4(858 859 1260 1259)
4(859 860 1261 1260)
4(860 861 1262 1261)
4(861 862 1263 1262)
4(862 863 1264 1263)
4(863 864 1265 1264)
4(864 865 1266 1265)
4(865 866 1267 1266)
4(866 867 1268 1267)
4(867 868 1269 1268)
4(868 869 1270 1269)
4(869 870 1271 1270)
4(870 871 1272 1271)
4(871 872 1273 1272)
4(872 873 1274 1273)
4(873 874 1275 1274)
4(874 875 1276 1275)
4(875 876 1277 1276)
4(876 877 1278 1277)
4(877 878 1279 1278)
4(878 879 1280 1279)
4(879 880 1281 1280)
4(880 881 1282 1281)
4(881 882 1283 1282)
4(882 883 1284 1283)
4(883 884 1285 1284)
4(884 885 1286 1285)
4(885 886 1287 1286)
4(886 887 1288 1287)
4(887 888 1289 1288)
4(888 889 1290 1289)
4(889 890 1291 1290)
4(890 891 1292 1291)
4(891 892 1293 1292)
4(892 893 1294 1293)
4(893 894 1295 1294)
4(894 895 1296 1295)
4(895 896 1297 1296)
4(896 897 1298 1297)
4(897 898 1299 1298)
4(898 899 1300 1299)
4(899 900 1301 1300)
4(900 901 1302 1301)
4(901 902 1303 1302)
4(902 903 1304 1303)
4(903 904 1305 1304)
4(904 905 1306 1305)
4(905 906 1307 1306)
4(906 907 1308 1307)
4(907 908 1309 1308)
4(908 909 1310 1309)
4(909 910 1311 1310)
4(910 911 1312 1311)
4(911 912 1313 1312)
4(912 913 1314 1313)
4(913 914 1315 1314)
4(914 915 1316 1315)
4(915 916 1317 1316)
4(916 917 1318 1317)
4(917 918 1319 1318)
4(918 919 1320 1319)
4(919 920 1321 1320)
4(920 921 1322 1321)
4(921 922 1323 1322)
4(922 923 1324 1323)
4(923 924 1325 1324)
4(924 925 1326 1325)
4(925 926 1327 1326)
4(926 927 1328 1327)
4(927 928 1329 1328)
4(928 929 1330 1329)
4(929 930 1331 1330)
4(930 931 1332 1331)
4(931 932 1333 1332)
4(932 933 1334 1333)
4(933 934 1335 1334)
4(934 935 1336 1335)
4(935 936 1337 1336)
4(936 937 1338 1337)
4(937 938 1339 1338)
4(938 939 1340 1339)
4(939 940 1341 1340)
4(940 941 1342 1341)
4(941 942 1343 1342)
4(942 943 1344 1343)
4(943 944 1345 1344)
4(944 945 1346 1345)
4(945 946 1347 1346)
4(946 947 1348 1347)
4(947 948 1349 1348)
4(948 949 1350 1349)
4(949 950 1351 1350)
4(950 951 1352 1351)
4(951 952 1353 1352)
4(952 953 1354 1353)
4(953 954 1355 1354)
4(954 955 1356 1355)
4(955 956 1357 1356)
4(956 957 1358 1357)
4(957 958 1359 1358)
4(958 959 1360 1359)
4(959 960 1361 1360)
4(960 961 1362 1361)
4(961 962 1363 1362)
4(962 963 1364 1363)
4(963 964 1365 1364)
4(964 965 1366 1365)
4(965 966 1367 1366)
4(966 967 1368 1367)
4(967 968 1369 1368)
4(968 969 1370 1369)
4(969 970 1371 1370)
4(970 971 1372 1371)
4(971 972 1373 1372)
4(972 973 1374 1373)
4(973 974 1375 1374)
4(974 975 1376 1375)
4(975 976 1377 1376)
4(976 977 1378 1377)
4(977 978 1379 1378)
4(978 979 1380 1379)
4(979 980 1381 1380)
4(980 981 1382 1381)
4(981 982 1383 1382)
4(982 983 1384 1383)
4(983 984 1385 1384)
4(984 985 1386 1385)
4(985 986 1387 1386)
4(986 987 1388 1387)
4(987 988 1389 1388)
4(988 989 1390 1389)
4(989 990 1391 1390)
4(990 991 1392 1391)
4(991 992 1393 1392)
4(992 993 1394 1393)
4(993 994 1395 1394)
4(994 995 1396 1395)
4(995 996 1397 1396)
4(996 997 1398 1397)
4(997 998 1399 1398)
4(998 999 1400 1399)
4(999 1000 1401 1400)
4(1000 1001 1402 1401)
4(1001 1002 1403 1402)
4(1002 1003 1404 1403)
4(1003 1004 1405 1404)
4(1004 1005 1406 1405)
4(1005 1006 1407 1406)
4(1006 1007 1408 1407)
4(1007 1008 1409 1408)
4(1008 1009 1410 1409)
4(1009 1010 1411 1410)
4(1010 1011 1412 1411)
4(1011 1012 1413 1412)
4(1012 1013 1414 1413)
4(1013 1014 1415 1414)
4(1014 1015 1416 1415)
4(1015 1016 1417 1416)
4(1016 1017 1418 1417)
4(1017 1018 1419 1418)
4(1018 1019 1420 1419)
4(1019 1020 1421 1420)
4(1020 1021 1422 1421)
4(1021 1022 1423 1422)
4(1022 1023 1424 1423)
4(1023 1024 1425 1424)
4(1024 1025 1426 1425)
4(1025 1026 1427 1426)
4(1026 1027 1428 1427)
4(1027 1028 1429 1428)
4(1028 1029 1430 1429)
4(1029 1030 1431 1430)
4(1030 1031 1432 1431)
4(1031 1032 1433 1432)
4(1032 1033 1434 1433)
4(1033 1034 1435 1434)
4(1034 1035 1436 1435)
4(1035 1036 1437 1436)
4(1036 1037 1438 1437)
4(1037 1038 1439 1438)
4(1038 1039 1440 1439)
4(1039 1040 1441 1440)
4(1040 1041 1442 1441)
4(1041 1042 1443 1442)
4(1042 1043 1444 1443)
4(1043 1044 1445 1444)
4(1044 1045 1446 1445)
4(1045 1046 1447 1446)
4(1046 1047 1448 1447)
4(1047 1048 1449 1448)
4(1048 1049 1450 1449)
4(1049 1050 1451 1450)
4(1050 1051 1452 1451)
4(1051 1052 1453 1452)
4(1052 1053 1454 1453)
4(1053 1054 1455 1454)
4(1054 1055 1456 1455)
4(1055 1056 1457 1456)
4(1056 1057 1458 1457)
4(1057 1058 1459 1458)
4(1058 1059 1460 1459)
4(1059 1060 1461 1460)
4(1060 1061 1462 1461)
4(1061 1062 1463 1462)
4(1062 1063 1464 1463)
4(1063 1064 1465 1464)
4(1064 1065 1466 1465)
4(1065 1066 1467 1466)
4(1066 1067 1468 1467)
4(1067 1068 1469 1468)
4(1068 1069 1470 1469)
4(1069 1070 1471 1470)
4(1070 1071 1472 1471)
4(1071 1072 1473 1472)
4(1072 1073 1474 1473)
4(1073 1074 1475 1474)
4(1074 1075 1476 1475)
4(1075 1076 1477 1476)
4(1076 1077 1478 1477)
4(1077 1078 1479 1478)
4(1078 1079 1480 1479)
4(1079 1080 1481 1480)
4(1080 1081 1482 1481)
4(1081 1082 1483 1482)
4(1082 1083 1484 1483)
4(1083 1084 1485 1484)
4(1084 1085 1486 1485)
4(1085 1086 1487 1486)
4(1086 1087 1488 1487)
4(1087 1088 1489 1488)
4(1088 1089 1490 1489)
4(1089 1090 1491 1490)
4(1090 1091 1492 1491)
4(1091 1092 1493 1492)
4(1092 1093 1494 1493)
4(1093 1094 1495 1494)
4(1094 1095 1496 1495)
4(1095 1096 1497 1496)
4(1096 1097 1498 1497)
4(1097 1098 1499 1498)
4(1098 1099 1500 1499)
4(1099 1100 1501 1500)
4(1100 1101 1502 1501)
4(1101 1102 1503 1502)
4(1102 1103 1504 1503)
4(1103 1104 1505 1504)
4(1104 1105 1506 1505)
4(1105 1106 1507 1506)
4(1106 1107 1508 1507)
4(1107 1108 1509 1508)
4(1108 1109 1510 1509)
4(1109 1110 1511 1510)
4(1110 1111 1512 1511)
4(1111 1112 1513 1512)
4(1112 1113 1514 1513)
4(1113 1114 1515 1514)
4(1114 1115 1516 1515)
4(1115 1116 1517 1516)
4(1116 1117 1518 1517)
4(1117 1118 1519 1518)
4(1118 1119 1520 1519)
4(1119 1120 1521 1520)
4(1120 1121 1522 1521)
4(1121 1122 1523 1522)
4(1122 1123 1524 1523)
4(1123 1124 1525 1524)
4(1124 1125 1526 1525)
4(1125 1126 1527 1526)
4(1126 1127 1528 1527)
4(1127 1128 1529 1528)
4(1128 1129 1530 1529)
4(1129 1130 1531 1530)
4(1130 1131 1532 1531)
4(1131 1132 1533 1532)
4(1132 1133 1534 1533)
4(1133 1134 1535 1534)
4(1134 1135 1536 1535)
4(1135 1136 1537 1536)
4(1136 1137 1538 1537)
4(1137 1138 1539 1538)
4(1138 1139 1540 1539)
4(1139 1140 1541 1540)
4(1140 1141 1542 1541)
4(1141 1142 1543 1542)
4(1142 1143 1544 1543)
4(1143 1144 1545 1544)
4(1144 1145 1546 1545)
4(1145 1146 1547 1546)
4(1146 1147 1548 1547)
4(1147 1148 1549 1548)
4(1148 1149 1550 1549)
4(1149 1150 1551 1550)
4(1150 1151 1552 1551)
4(1151 1152 1553 1552)
4(1152 1153 1554 1553)
4(1153 1154 1555 1554)
4(1154 1155 1556 1555)
4(1155 1156 1557 1556)
4(1156 1157 1558 1557)
4(1157 1158 1559 1558)
4(1158 1159 1560 1559)
4(1159 1160 1561 1560)
4(1160 1161 1562 1561)
4(1161 1162 1563 1562)
4(1162 1163 1564 1563)
4(1163 1164 1565 1564)
4(1164 1165 1566 1565)
4(1165 1166 1567 1566)
4(1166 1167 1568 1567)
4(1167 1168 1569 1568)
4(1168 1169 1570 1569)
4(1169 1170 1571 1570)
4(1170 1171 1572 1571)
4(1171 1172 1573 1572)
4(1172 1173 1574 1573)
4(1173 1174 1575 1574)
4(1174 1175 1576 1575)
4(1175 1176 1577 1576)
4(1176 1177 1578 1577)
4(1177 1178 1579 1578)
4(1178 1179 1580 1579)
4(1179 1180 1581 1580)
4(1180 1181 1582 1581)
4(1181 1182 1583 1582)
4(1182 1183 1584 1583)
4(1183 1184 1585 1584)
4(1184 1185 1586 1585)
4(1185 1186 1587 1586)
4(1186 1187 1588 1587)
4(1187 1188 1589 1588)
4(1188 1189 1590 1589)
4(1189 1190 1591 1590)
4(1190 1191 1592 1591)
4(1191 1192 1593 1592)
4(1192 1193 1594 1593)
4(1193 1194 1595 1594)
4(1194 1195 1596 1595)
4(1195 1196 1597 1596)
4(1196 1197 1598 1597)
4(1197 1198 1599 1598)
4(1198 1199 1600 1599)
4(1199 1200 1601 1600)
4(1200 1201 1602 1601)
4(1201 1202 1603 1602)
4(401 1203 1204 402)
4(402 1204 1205 403)
4(403 1205 1206 404)
4(404 1206 1207 405)
4(405 1207 1208 406)
4(406 1208 1209 407)
4(407 1209 1210 408)
4(408 1210 1211 409)
4(409 1211 1212 410)
4(410 1212 1213 411)
4(411 1213 1214 412)
4(412 1214 1215 413)
4(413 1215 1216 414)
4(414 1216 1217 415)
4(415 1217 1218 416)
4(416 1218 1219 417)
4(417 1219 1220 418)
4(418 1220 1221 419)
4(419 1221 1222 420)
4(420 1222 1223 421)
4(421 1223 1224 422)
4(422 1224 1225 423)
4(423 1225 1226 424)
4(424 1226 1227 425)
4(425 1227 1228 426)
4(426 1228 1229 427)
4(427 1229 1230 428)
4(428 1230 1231 429)
4(429 1231 1232 430)
4(430 1232 1233 431)
4(431 1233 1234 432)
4(432 1234 1235 433)
4(433 1235 1236 434)
4(434 1236 1237 435)
4(435 1237 1238 436)
4(436 1238 1239 437)
4(437 1239 1240 438)
4(438 1240 1241 439)
4(439 1241 1242 440)
4(440 1242 1243 441)
4(441 1243 1244 442)
4(442 1244 1245 443)
4(443 1245 1246 444)
4(444 1246 1247 445)
4(445 1247 1248 446)
4(446 1248 1249 447)
4(447 1249 1250 448)
4(448 1250 1251 449)
4(449 1251 1252 450)
4(450 1252 1253 451)
4(451 1253 1254 452)
4(452 1254 1255 453)
4(453 1255 1256 454)
4(454 1256 1257 455)
4(455 1257 1258 456)
4(456 1258 1259 457)
4(457 1259 1260 458)
4(458 1260 1261 459)
4(459 1261 1262 460)
4(460 1262 1263 461)
4(461 1263 1264 462)
4(462 1264 1265 463)
4(463 1265 1266 464)
4(464 1266 1267 465)
4(465 1267 1268 466)
4(466 1268 1269 467)
4(467 1269 1270 468)
4(468 1270 1271 469)
4(469 1271 1272 470)
4(470 1272 1273 471)
4(471 1273 1274 472)
4(472 1274 1275 473)
4(473 1275 1276 474)
4(474 1276 1277 475)
4(475 1277 1278 476)
4(476 1278 1279 477)
4(477 1279 1280 478)
4(478 1280 1281 479)
4(479 1281 1282 480)
4(480 1282 1283 481)
4(481 1283 1284 482)
4(482 1284 1285 483)
4(483 1285 1286 484)
4(484 1286 1287 485)
4(485 1287 1288 486)
4(486 1288 1289 487)
4(487 1289 1290 488)
4(488 1290 1291 489)
4(489 1291 1292 490)
4(490 1292 1293 491)
4(491 1293 1294 492)
4(492 1294 1295 493)
4(493 1295 1296 494)
4(494 1296 1297 495)
4(495 1297 1298 496)
4(496 1298 1299 497)
4(497 1299 1300 498)
4(498 1300 1301 499)
4(499 1301 1302 500)
4(500 1302 1303 501)
4(501 1303 1304 502)
4(502 1304 1305 503)
4(503 1305 1306 504)
4(504 1306 1307 505)
4(505 1307 1308 506)
4(506 1308 1309 507)
4(507 1309 1310 508)
4(508 1310 1311 509)
4(509 1311 1312 510)
4(510 1312 1313 511)
4(511 1313 1314 512)
4(512 1314 1315 513)
4(513 1315 1316 514)
4(514 1316 1317 515)
4(515 1317 1318 516)
4(516 1318 1319 517)
4(517 1319 1320 518)
4(518 1320 1321 519)
4(519 1321 1322 520)
4(520 1322 1323 521)
4(521 1323 1324 522)
4(522 1324 1325 523)
4(523 1325 1326 524)
4(524 1326 1327 525)
4(525 1327 1328 526)
4(526 1328 1329 527)
4(527 1329 1330 528)
4(528 1330 1331 529)
4(529 1331 1332 530)
4(530 1332 1333 531)
4(531 1333 1334 532)
4(532 1334 1335 533)
4(533 1335 1336 534)
4(534 1336 1337 535)
4(535 1337 1338 536)
4(536 1338 1339 537)
4(537 1339 1340 538)
4(538 1340 1341 539)
4(539 1341 1342 540)
4(540 1342 1343 541)
4(541 1343 1344 542)
4(542 1344 1345 543)
4(543 1345 1346 544)
4(544 1346 1347 545)
4(545 1347 1348 546)
4(546 1348 1349 547)
4(547 1349 1350 548)
4(548 1350 1351 549)
4(549 1351 1352 550)
4(550 1352 1353 551)
4(551 1353 1354 552)
4(552 1354 1355 553)
4(553 1355 1356 554)
4(554 1356 1357 555)
4(555 1357 1358 556)
4(556 1358 1359 557)
4(557 1359 1360 558)
4(558 1360 1361 559)
4(559 1361 1362 560)
4(560 1362 1363 561)
4(561 1363 1364 562)
4(562 1364 1365 563)
4(563 1365 1366 564)
4(564 1366 1367 565)
4(565 1367 1368 566)
4(566 1368 1369 567)
4(567 1369 1370 568)
4(568 1370 1371 569)
4(569 1371 1372 570)
4(570 1372 1373 571)
4(571 1373 1374 572)
4(572 1374 1375 573)
4(573 1375 1376 574)
4(574 1376 1377 575)
4(575 1377 1378 576)
4(576 1378 1379 577)
4(577 1379 1380 578)
4(578 1380 1381 579)
4(579 1381 1382 580)
4(580 1382 1383 581)
4(581 1383 1384 582)
4(582 1384 1385 583)
4(583 1385 1386 584)
4(584 1386 1387 585)
4(585 1387 1388 586)
4(586 1388 1389 587)
4(587 1389 1390 588)
4(588 1390 1391 589)
4(589 1391 1392 590)
4(590 1392 1393 591)
4(591 1393 1394 592)
4(592 1394 1395 593)
4(593 1395 1396 594)
4(594 1396 1397 595)
4(595 1397 1398 596)
4(596 1398 1399 597)
4(597 1399 1400 598)
4(598 1400 1401 599)
4(599 1401 1402 600)
4(600 1402 1403 601)
4(601 1403 1404 602)
4(602 1404 1405 603)
4(603 1405 1406 604)
4(604 1406 1407 605)
4(605 1407 1408 606)
4(606 1408 1409 607)
4(607 1409 1410 608)
4(608 1410 1411 609)
4(609 1411 1412 610)
4(610 1412 1413 611)
4(611 1413 1414 612)
4(612 1414 1415 613)
4(613 1415 1416 614)
4(614 1416 1417 615)
4(615 1417 1418 616)
4(616 1418 1419 617)
4(617 1419 1420 618)
4(618 1420 1421 619)
4(619 1421 1422 620)
4(620 1422 1423 621)
4(621 1423 1424 622)
4(622 1424 1425 623)
4(623 1425 1426 624)
4(624 1426 1427 625)
4(625 1427 1428 626)
4(626 1428 1429 627)
4(627 1429 1430 628)
4(628 1430 1431 629)
4(629 1431 1432 630)
4(630 1432 1433 631)
4(631 1433 1434 632)
4(632 1434 1435 633)
4(633 1435 1436 634)
4(634 1436 1437 635)
4(635 1437 1438 636)
4(636 1438 1439 637)
4(637 1439 1440 638)
4(638 1440 1441 639)
4(639 1441 1442 640)
4(640 1442 1443 641)
4(641 1443 1444 642)
4(642 1444 1445 643)
4(643 1445 1446 644)
4(644 1446 1447 645)
4(645 1447 1448 646)
4(646 1448 1449 647)
4(647 1449 1450 648)
4(648 1450 1451 649)
4(649 1451 1452 650)
4(650 1452 1453 651)
4(651 1453 1454 652)
4(652 1454 1455 653)
4(653 1455 1456 654)
4(654 1456 1457 655)
4(655 1457 1458 656)
4(656 1458 1459 657)
4(657 1459 1460 658)
4(658 1460 1461 659)
4(659 1461 1462 660)
4(660 1462 1463 661)
4(661 1463 1464 662)
4(662 1464 1465 663)
4(663 1465 1466 664)
4(664 1466 1467 665)
4(665 1467 1468 666)
4(666 1468 1469 667)
4(667 1469 1470 668)
4(668 1470 1471 669)
4(669 1471 1472 670)
4(670 1472 1473 671)
4(671 1473 1474 672)
4(672 1474 1475 673)
4(673 1475 1476 674)
4(674 1476 1477 675)
4(675 1477 1478 676)
4(676 1478 1479 677)
4(677 1479 1480 678)
4(678 1480 1481 679)
4(679 1481 1482 680)
4(680 1482 1483 681)
4(681 1483 1484 682)
4(682 1484 1485 683)
4(683 1485 1486 684)
4(684 1486 1487 685)
4(685 1487 1488 686)
4(686 1488 1489 687)
4(687 1489 1490 688)
4(688 1490 1491 689)
4(689 1491 1492 690)
4(690 1492 1493 691)
4(691 1493 1494 692)
4(692 1494 1495 693)
4(693 1495 1496 694)
4(694 1496 1497 695)
4(695 1497 1498 696)
4(696 1498 1499 697)
4(697 1499 1500 698)
4(698 1500 1501 699)
4(699 1501 1502 700)
4(700 1502 1503 701)
4(701 1503 1504 702)
4(702 1504 1505 703)
4(703 1505 1506 704)
4(704 1506 1507 705)
4(705 1507 1508 706)
4(706 1508 1509 707)
4(707 1509 1510 708)
4(708 1510 1511 709)
4(709 1511 1512 710)
4(710 1512 1513 711)
4(711 1513 1514 712)
4(712 1514 1515 713)
4(713 1515 1516 714)
4(714 1516 1517 715)
4(715 1517 1518 716)
4(716 1518 1519 717)
4(717 1519 1520 718)
4(718 1520 1521 719)
4(719 1521 1522 720)
4(720 1522 1523 721)
4(721 1523 1524 722)
4(722 1524 1525 723)
4(723 1525 1526 724)
4(724 1526 1527 725)
4(725 1527 1528 726)
4(726 1528 1529 727)
4(727 1529 1530 728)
4(728 1530 1531 729)
4(729 1531 1532 730)
4(730 1532 1533 731)
4(731 1533 1534 732)
4(732 1534 1535 733)
4(733 1535 1536 734)
4(734 1536 1537 735)
4(735 1537 1538 736)
4(736 1538 1539 737)
4(737 1539 1540 738)
4(738 1540 1541 739)
4(739 1541 1542 740)
4(740 1542 1543 741)
4(741 1543 1544 742)
4(742 1544 1545 743)
4(743 1545 1546 744)
4(744 1546 1547 745)
4(745 1547 1548 746)
4(746 1548 1549 747)
4(747 1549 1550 748)
4(748 1550 1551 749)
4(749 1551 1552 750)
4(750 1552 1553 751)
4(751 1553 1554 752)
4(752 1554 1555 753)
4(753 1555 1556 754)
4(754 1556 1557 755)
4(755 1557 1558 756)
4(756 1558 1559 757)
4(757 1559 1560 758)
4(758 1560 1561 759)
4(759 1561 1562 760)
4(760 1562 1563 761)
4(761 1563 1564 762)
4(762 1564 1565 763)
4(763 1565 1566 764)
4(764 1566 1567 765)
4(765 1567 1568 766)
4(766 1568 1569 767)
4(767 1569 1570 768)
4(768 1570 1571 769)
4(769 1571 1572 770)
4(770 1572 1573 771)
4(771 1573 1574 772)
4(772 1574 1575 773)
4(773 1575 1576 774)
4(774 1576 1577 775)
4(775 1577 1578 776)
4(776 1578 1579 777)
4(777 1579 1580 778)
4(778 1580 1581 779)
4(779 1581 1582 780)
4(780 1582 1583 781)
4(781 1583 1584 782)
4(782 1584 1585 783)
4(783 1585 1586 784)
4(784 1586 1587 785)
4(785 1587 1588 786)
4(786 1588 1589 787)
4(787 1589 1590 788)
4(788 1590 1591 789)
4(789 1591 1592 790)
4(790 1592 1593 791)
4(791 1593 1594 792)
4(792 1594 1595 793)
4(793 1595 1596 794)
4(794 1596 1597 795)
4(795 1597 1598 796)
4(796 1598 1599 797)
4(797 1599 1600 798)
4(798 1600 1601 799)
4(799 1601 1602 800)
4(800 1602 1603 801)
4(0 401 402 1)
4(1 402 403 2)
4(2 403 404 3)
4(3 404 405 4)
4(4 405 406 5)
4(5 406 407 6)
4(6 407 408 7)
4(7 408 409 8)
4(8 409 410 9)
4(9 410 411 10)
4(10 411 412 11)
4(11 412 413 12)
4(12 413 414 13)
4(13 414 415 14)
4(14 415 416 15)
4(15 416 417 16)
4(16 417 418 17)
4(17 418 419 18)
4(18 419 420 19)
4(19 420 421 20)
4(20 421 422 21)
4(21 422 423 22)
4(22 423 424 23)
4(23 424 425 24)
4(24 425 426 25)
4(25 426 427 26)
4(26 427 428 27)
4(27 428 429 28)
4(28 429 430 29)
4(29 430 431 30)
4(30 431 432 31)
4(31 432 433 32)
4(32 433 434 33)
4(33 434 435 34)
4(34 435 436 35)
4(35 436 437 36)
4(36 437 438 37)
4(37 438 439 38)
4(38 439 440 39)
4(39 440 441 40)
4(40 441 442 41)
4(41 442 443 42)
4(42 443 444 43)
4(43 444 445 44)
4(44 445 446 45)
4(45 446 447 46)
4(46 447 448 47)
4(47 448 449 48)
4(48 449 450 49)
4(49 450 451 50)
4(50 451 452 51)
4(51 452 453 52)
4(52 453 454 53)
4(53 454 455 54)
4(54 455 456 55)
4(55 456 457 56)
4(56 457 458 57)
4(57 458 459 58)
4(58 459 460 59)
4(59 460 461 60)
4(60 461 462 61)
4(61 462 463 62)
4(62 463 464 63)
4(63 464 465 64)
4(64 465 466 65)
4(65 466 467 66)
4(66 467 468 67)
4(67 468 469 68)
4(68 469 470 69)
4(69 470 471 70)
4(70 471 472 71)
4(71 472 473 72)
4(72 473 474 73)
4(73 474 475 74)
4(74 475 476 75)
4(75 476 477 76)
4(76 477 478 77)
4(77 478 479 78)
4(78 479 480 79)
4(79 480 481 80)
4(80 481 482 81)
4(81 482 483 82)
4(82 483 484 83)
4(83 484 485 84)
4(84 485 486 85)
4(85 486 487 86)
4(86 487 488 87)
4(87 488 489 88)
4(88 489 490 89)
4(89 490 491 90)
4(90 491 492 91)
4(91 492 493 92)
4(92 493 494 93)
4(93 494 495 94)
4(94 495 496 95)
4(95 496 497 96)
4(96 497 498 97)
4(97 498 499 98)
4(98 499 500 99)
4(99 500 501 100)
4(100 501 502 101)
4(101 502 503 102)
4(102 503 504 103)
4(103 504 505 104)
4(104 505 506 105)
4(105 506 507 106)
4(106 507 508 107)
4(107 508 509 108)
4(108 509 510 109)
4(109 510 511 110)
4(110 511 512 111)
4(111 512 513 112)
4(112 513 514 113)
4(113 514 515 114)
4(114 515 516 115)
4(115 516 517 116)
4(116 517 518 117)
4(117 518 519 118)
4(118 519 520 119)
4(119 520 521 120)
4(120 521 522 121)
4(121 522 523 122)
4(122 523 524 123)
4(123 524 525 124)
4(124 525 526 125)
4(125 526 527 126)
4(126 527 528 127)
4(127 528 529 128)
4(128 529 530 129)
4(129 530 531 130)
4(130 531 532 131)
4(131 532 533 132)
4(132 533 534 133)
4(133 534 535 134)
4(134 535 536 135)
4(135 536 537 136)
4(136 537 538 137)
4(137 538 539 138)
4(138 539 540 139)
4(139 540 541 140)
4(140 541 542 141)
4(141 542 543 142)
4(142 543 544 143)
4(143 544 545 144)
4(144 545 546 145)
4(145 546 547 146)
4(146 547 548 147)
4(147 548 549 148)
4(148 549 550 149)
4(149 550 551 150)
4(150 551 552 151)
4(151 552 553 152)
4(152 553 554 153)
4(153 554 555 154)
4(154 555 556 155)
4(155 556 557 156)
4(156 557 558 157)
4(157 558 559 158)
4(158 559 560 159)
4(159 560 561 160)
4(160 561 562 161)
4(161 562 563 162)
4(162 563 564 163)
4(163 564 565 164)
4(164 565 566 165)
4(165 566 567 166)
4(166 567 568 167)
4(167 568 569 168)
4(168 569 570 169)
4(169 570 571 170)
4(170 571 572 171)
4(171 572 573 172)
4(172 573 574 173)
4(173 574 575 174)
4(174 575 576 175)
4(175 576 577 176)
4(176 577 578 177)
4(177 578 579 178)
4(178 579 580 179)
4(179 580 581 180)
4(180 581 582 181)
4(181 582 583 182)
4(182 583 584 183)
4(183 584 585 184)
4(184 585 586 185)
4(185 586 587 186)
4(186 587 588 187)
4(187 588 589 188)
4(188 589 590 189)
4(189 590 591 190)
4(190 591 592 191)
4(191 592 593 192)
4(192 593 594 193)
4(193 594 595 194)
4(194 595 596 195)
4(195 596 597 196)
4(196 597 598 197)
4(197 598 599 198)
4(198 599 600 199)
4(199 600 601 200)
4(200 601 602 201)
4(201 602 603 202)
4(202 603 604 203)
4(203 604 605 204)
4(204 605 606 205)
4(205 606 607 206)
4(206 607 608 207)
4(207 608 609 208)
4(208 609 610 209)
4(209 610 611 210)
4(210 611 612 211)
4(211 612 613 212)
4(212 613 614 213)
4(213 614 615 214)
4(214 615 616 215)
4(215 616 617 216)
4(216 617 618 217)
4(217 618 619 218)
4(218 619 620 219)
4(219 620 621 220)
4(220 621 622 221)
4(221 622 623 222)
4(222 623 624 223)
4(223 624 625 224)
4(224 625 626 225)
4(225 626 627 226)
4(226 627 628 227)
4(227 628 629 228)
4(228 629 630 229)
4(229 630 631 230)
4(230 631 632 231)
4(231 632 633 232)
4(232 633 634 233)
4(233 634 635 234)
4(234 635 636 235)
4(235 636 637 236)
4(236 637 638 237)
4(237 638 639 238)
4(238 639 640 239)
4(239 640 641 240)
4(240 641 642 241)
4(241 642 643 242)
4(242 643 644 243)
4(243 644 645 244)
4(244 645 646 245)
4(245 646 647 246)
4(246 647 648 247)
4(247 648 649 248)
4(248 649 650 249)
4(249 650 651 250)
4(250 651 652 251)
4(251 652 653 252)
4(252 653 654 253)
4(253 654 655 254)
4(254 655 656 255)
4(255 656 657 256)
4(256 657 658 257)
4(257 658 659 258)
4(258 659 660 259)
4(259 660 661 260)
4(260 661 662 261)
4(261 662 663 262)
4(262 663 664 263)
4(263 664 665 264)
4(264 665 666 265)
4(265 666 667 266)
4(266 667 668 267)
4(267 668 669 268)
4(268 669 670 269)
4(269 670 671 270)
4(270 671 672 271)
4(271 672 673 272)
4(272 673 674 273)
4(273 674 675 274)
4(274 675 676 275)
4(275 676 677 276)
4(276 677 678 277)
4(277 678 679 278)
4(278 679 680 279)
4(279 680 681 280)
4(280 681 682 281)
4(281 682 683 282)
4(282 683 684 283)
4(283 684 685 284)
4(284 685 686 285)
4(285 686 687 286)
4(286 687 688 287)
4(287 688 689 288)
4(288 689 690 289)
4(289 690 691 290)
4(290 691 692 291)
4(291 692 693 292)
4(292 693 694 293)
4(293 694 695 294)
4(294 695 696 295)
4(295 696 697 296)
4(296 697 698 297)
4(297 698 699 298)
4(298 699 700 299)
4(299 700 701 300)
4(300 701 702 301)
4(301 702 703 302)
4(302 703 704 303)
4(303 704 705 304)
4(304 705 706 305)
4(305 706 707 306)
4(306 707 708 307)
4(307 708 709 308)
4(308 709 710 309)
4(309 710 711 310)
4(310 711 712 311)
4(311 712 713 312)
4(312 713 714 313)
4(313 714 715 314)
4(314 715 716 315)
4(315 716 717 316)
4(316 717 718 317)
4(317 718 719 318)
4(318 719 720 319)
4(319 720 721 320)
4(320 721 722 321)
4(321 722 723 322)
4(322 723 724 323)
4(323 724 725 324)
4(324 725 726 325)
4(325 726 727 326)
4(326 727 728 327)
4(327 728 729 328)
4(328 729 730 329)
4(329 730 731 330)
4(330 731 732 331)
4(331 732 733 332)
4(332 733 734 333)
4(333 734 735 334)
4(334 735 736 335)
4(335 736 737 336)
4(336 737 738 337)
4(337 738 739 338)
4(338 739 740 339)
4(339 740 741 340)
4(340 741 742 341)
4(341 742 743 342)
4(342 743 744 343)
4(343 744 745 344)
4(344 745 746 345)
4(345 746 747 346)
4(346 747 748 347)
4(347 748 749 348)
4(348 749 750 349)
4(349 750 751 350)
4(350 751 752 351)
4(351 752 753 352)
4(352 753 754 353)
4(353 754 755 354)
4(354 755 756 355)
4(355 756 757 356)
4(356 757 758 357)
4(357 758 759 358)
4(358 759 760 359)
4(359 760 761 360)
4(360 761 762 361)
4(361 762 763 362)
4(362 763 764 363)
4(363 764 765 364)
4(364 765 766 365)
4(365 766 767 366)
4(366 767 768 367)
4(367 768 769 368)
4(368 769 770 369)
4(369 770 771 370)
4(370 771 772 371)
4(371 772 773 372)
4(372 773 774 373)
4(373 774 775 374)
4(374 775 776 375)
4(375 776 777 376)
4(376 777 778 377)
4(377 778 779 378)
4(378 779 780 379)
4(379 780 781 380)
4(380 781 782 381)
4(381 782 783 382)
4(382 783 784 383)
4(383 784 785 384)
4(384 785 786 385)
4(385 786 787 386)
4(386 787 788 387)
4(387 788 789 388)
4(388 789 790 389)
4(389 790 791 390)
4(390 791 792 391)
4(391 792 793 392)
4(392 793 794 393)
4(393 794 795 394)
4(394 795 796 395)
4(395 796 797 396)
4(396 797 798 397)
4(397 798 799 398)
4(398 799 800 399)
4(399 800 801 400)
)


// ************************************************************************* //
