/*--------------------------------*- C++ -*----------------------------------*\
| =========                 |                                                 |
| \\      /  F ield         | OpenFOAM: The Open Source CFD Toolbox           |
|  \\    /   O peration     | Version:  5.x                                   |
|   \\  /    A nd           | Web:      www.OpenFOAM.org                      |
|    \\/     M anipulation  |                                                 |
\*---------------------------------------------------------------------------*/
/*   Windows 32 and 64 bit porting by blueCAPE: http://www.bluecape.com.pt   *\
|  Based on Windows porting (2.0.x v4) by Symscape: http://www.symscape.com   |
\*---------------------------------------------------------------------------*/
FoamFile
{
    version     2.0;
    format      ascii;
    class       vectorField;
    location    "constant/polyMesh";
    object      points;
}
// * * * * * * * * * * * * * * * * * * * * * * * * * * * * * * * * * * * * * //


404
(
(0 -1 -1)
(0.01 -1 -1)
(0.02 -1 -1)
(0.03 -1 -1)
(0.04 -1 -1)
(0.05 -1 -1)
(0.06 -1 -1)
(0.07 -1 -1)
(0.08 -1 -1)
(0.09 -1 -1)
(0.1 -1 -1)
(0.11 -1 -1)
(0.12 -1 -1)
(0.13 -1 -1)
(0.14 -1 -1)
(0.15 -1 -1)
(0.16 -1 -1)
(0.17 -1 -1)
(0.18 -1 -1)
(0.19 -1 -1)
(0.2 -1 -1)
(0.21 -1 -1)
(0.22 -1 -1)
(0.23 -1 -1)
(0.24 -1 -1)
(0.25 -1 -1)
(0.26 -1 -1)
(0.27 -1 -1)
(0.28 -1 -1)
(0.29 -1 -1)
(0.3 -1 -1)
(0.31 -1 -1)
(0.32 -1 -1)
(0.33 -1 -1)
(0.34 -1 -1)
(0.35 -1 -1)
(0.36 -1 -1)
(0.37 -1 -1)
(0.38 -1 -1)
(0.39 -1 -1)
(0.4 -1 -1)
(0.41 -1 -1)
(0.42 -1 -1)
(0.43 -1 -1)
(0.44 -1 -1)
(0.45 -1 -1)
(0.46 -1 -1)
(0.47 -1 -1)
(0.48 -1 -1)
(0.49 -1 -1)
(0.5 -1 -1)
(0.51 -1 -1)
(0.52 -1 -1)
(0.53 -1 -1)
(0.54 -1 -1)
(0.55 -1 -1)
(0.56 -1 -1)
(0.57 -1 -1)
(0.58 -1 -1)
(0.59 -1 -1)
(0.6 -1 -1)
(0.61 -1 -1)
(0.62 -1 -1)
(0.63 -1 -1)
(0.64 -1 -1)
(0.65 -1 -1)
(0.66 -1 -1)
(0.67 -1 -1)
(0.68 -1 -1)
(0.69 -1 -1)
(0.7 -1 -1)
(0.71 -1 -1)
(0.72 -1 -1)
(0.73 -1 -1)
(0.74 -1 -1)
(0.75 -1 -1)
(0.76 -1 -1)
(0.77 -1 -1)
(0.78 -1 -1)
(0.79 -1 -1)
(0.8 -1 -1)
(0.81 -1 -1)
(0.82 -1 -1)
(0.83 -1 -1)
(0.84 -1 -1)
(0.85 -1 -1)
(0.86 -1 -1)
(0.87 -1 -1)
(0.88 -1 -1)
(0.89 -1 -1)
(0.9 -1 -1)
(0.91 -1 -1)
(0.92 -1 -1)
(0.93 -1 -1)
(0.94 -1 -1)
(0.95 -1 -1)
(0.96 -1 -1)
(0.97 -1 -1)
(0.98 -1 -1)
(0.99 -1 -1)
(1 -1 -1)
(0 1 -1)
(0.01 1 -1)
(0.02 1 -1)
(0.03 1 -1)
(0.04 1 -1)
(0.05 1 -1)
(0.06 1 -1)
(0.07 1 -1)
(0.08 1 -1)
(0.09 1 -1)
(0.1 1 -1)
(0.11 1 -1)
(0.12 1 -1)
(0.13 1 -1)
(0.14 1 -1)
(0.15 1 -1)
(0.16 1 -1)
(0.17 1 -1)
(0.18 1 -1)
(0.19 1 -1)
(0.2 1 -1)
(0.21 1 -1)
(0.22 1 -1)
(0.23 1 -1)
(0.24 1 -1)
(0.25 1 -1)
(0.26 1 -1)
(0.27 1 -1)
(0.28 1 -1)
(0.29 1 -1)
(0.3 1 -1)
(0.31 1 -1)
(0.32 1 -1)
(0.33 1 -1)
(0.34 1 -1)
(0.35 1 -1)
(0.36 1 -1)
(0.37 1 -1)
(0.38 1 -1)
(0.39 1 -1)
(0.4 1 -1)
(0.41 1 -1)
(0.42 1 -1)
(0.43 1 -1)
(0.44 1 -1)
(0.45 1 -1)
(0.46 1 -1)
(0.47 1 -1)
(0.48 1 -1)
(0.49 1 -1)
(0.5 1 -1)
(0.51 1 -1)
(0.52 1 -1)
(0.53 1 -1)
(0.54 1 -1)
(0.55 1 -1)
(0.56 1 -1)
(0.57 1 -1)
(0.58 1 -1)
(0.59 1 -1)
(0.6 1 -1)
(0.61 1 -1)
(0.62 1 -1)
(0.63 1 -1)
(0.64 1 -1)
(0.65 1 -1)
(0.66 1 -1)
(0.67 1 -1)
(0.68 1 -1)
(0.69 1 -1)
(0.7 1 -1)
(0.71 1 -1)
(0.72 1 -1)
(0.73 1 -1)
(0.74 1 -1)
(0.75 1 -1)
(0.76 1 -1)
(0.77 1 -1)
(0.78 1 -1)
(0.79 1 -1)
(0.8 1 -1)
(0.81 1 -1)
(0.82 1 -1)
(0.83 1 -1)
(0.84 1 -1)
(0.85 1 -1)
(0.86 1 -1)
(0.87 1 -1)
(0.88 1 -1)
(0.89 1 -1)
(0.9 1 -1)
(0.91 1 -1)
(0.92 1 -1)
(0.93 1 -1)
(0.94 1 -1)
(0.95 1 -1)
(0.96 1 -1)
(0.97 1 -1)
(0.98 1 -1)
(0.99 1 -1)
(1 1 -1)
(0 -1 1)
(0.01 -1 1)
(0.02 -1 1)
(0.03 -1 1)
(0.04 -1 1)
(0.05 -1 1)
(0.06 -1 1)
(0.07 -1 1)
(0.08 -1 1)
(0.09 -1 1)
(0.1 -1 1)
(0.11 -1 1)
(0.12 -1 1)
(0.13 -1 1)
(0.14 -1 1)
(0.15 -1 1)
(0.16 -1 1)
(0.17 -1 1)
(0.18 -1 1)
(0.19 -1 1)
(0.2 -1 1)
(0.21 -1 1)
(0.22 -1 1)
(0.23 -1 1)
(0.24 -1 1)
(0.25 -1 1)
(0.26 -1 1)
(0.27 -1 1)
(0.28 -1 1)
(0.29 -1 1)
(0.3 -1 1)
(0.31 -1 1)
(0.32 -1 1)
(0.33 -1 1)
(0.34 -1 1)
(0.35 -1 1)
(0.36 -1 1)
(0.37 -1 1)
(0.38 -1 1)
(0.39 -1 1)
(0.4 -1 1)
(0.41 -1 1)
(0.42 -1 1)
(0.43 -1 1)
(0.44 -1 1)
(0.45 -1 1)
(0.46 -1 1)
(0.47 -1 1)
(0.48 -1 1)
(0.49 -1 1)
(0.5 -1 1)
(0.51 -1 1)
(0.52 -1 1)
(0.53 -1 1)
(0.54 -1 1)
(0.55 -1 1)
(0.56 -1 1)
(0.57 -1 1)
(0.58 -1 1)
(0.59 -1 1)
(0.6 -1 1)
(0.61 -1 1)
(0.62 -1 1)
(0.63 -1 1)
(0.64 -1 1)
(0.65 -1 1)
(0.66 -1 1)
(0.67 -1 1)
(0.68 -1 1)
(0.69 -1 1)
(0.7 -1 1)
(0.71 -1 1)
(0.72 -1 1)
(0.73 -1 1)
(0.74 -1 1)
(0.75 -1 1)
(0.76 -1 1)
(0.77 -1 1)
(0.78 -1 1)
(0.79 -1 1)
(0.8 -1 1)
(0.81 -1 1)
(0.82 -1 1)
(0.83 -1 1)
(0.84 -1 1)
(0.85 -1 1)
(0.86 -1 1)
(0.87 -1 1)
(0.88 -1 1)
(0.89 -1 1)
(0.9 -1 1)
(0.91 -1 1)
(0.92 -1 1)
(0.93 -1 1)
(0.94 -1 1)
(0.95 -1 1)
(0.96 -1 1)
(0.97 -1 1)
(0.98 -1 1)
(0.99 -1 1)
(1 -1 1)
(0 1 1)
(0.01 1 1)
(0.02 1 1)
(0.03 1 1)
(0.04 1 1)
(0.05 1 1)
(0.06 1 1)
(0.07 1 1)
(0.08 1 1)
(0.09 1 1)
(0.1 1 1)
(0.11 1 1)
(0.12 1 1)
(0.13 1 1)
(0.14 1 1)
(0.15 1 1)
(0.16 1 1)
(0.17 1 1)
(0.18 1 1)
(0.19 1 1)
(0.2 1 1)
(0.21 1 1)
(0.22 1 1)
(0.23 1 1)
(0.24 1 1)
(0.25 1 1)
(0.26 1 1)
(0.27 1 1)
(0.28 1 1)
(0.29 1 1)
(0.3 1 1)
(0.31 1 1)
(0.32 1 1)
(0.33 1 1)
(0.34 1 1)
(0.35 1 1)
(0.36 1 1)
(0.37 1 1)
(0.38 1 1)
(0.39 1 1)
(0.4 1 1)
(0.41 1 1)
(0.42 1 1)
(0.43 1 1)
(0.44 1 1)
(0.45 1 1)
(0.46 1 1)
(0.47 1 1)
(0.48 1 1)
(0.49 1 1)
(0.5 1 1)
(0.51 1 1)
(0.52 1 1)
(0.53 1 1)
(0.54 1 1)
(0.55 1 1)
(0.56 1 1)
(0.57 1 1)
(0.58 1 1)
(0.59 1 1)
(0.6 1 1)
(0.61 1 1)
(0.62 1 1)
(0.63 1 1)
(0.64 1 1)
(0.65 1 1)
(0.66 1 1)
(0.67 1 1)
(0.68 1 1)
(0.69 1 1)
(0.7 1 1)
(0.71 1 1)
(0.72 1 1)
(0.73 1 1)
(0.74 1 1)
(0.75 1 1)
(0.76 1 1)
(0.77 1 1)
(0.78 1 1)
(0.79 1 1)
(0.8 1 1)
(0.81 1 1)
(0.82 1 1)
(0.83 1 1)
(0.84 1 1)
(0.85 1 1)
(0.86 1 1)
(0.87 1 1)
(0.88 1 1)
(0.89 1 1)
(0.9 1 1)
(0.91 1 1)
(0.92 1 1)
(0.93 1 1)
(0.94 1 1)
(0.95 1 1)
(0.96 1 1)
(0.97 1 1)
(0.98 1 1)
(0.99 1 1)
(1 1 1)
)


// ************************************************************************* //
